300.0	304.18469	3.471
300.1	298.96353	3.412
300.2	300.68089	3.347
300.3	308.55845	3.263
300.4	308.99908	3.699
300.5	309.11673	4.045
300.6	309.91271	3.969
300.7	305.11027	3.652
300.8	302.73758	3.455
300.9	311.98675	3.473
301.0	298.17610	3.236
301.1	292.08482	3.170
301.2	286.18769	3.106
301.3	285.08564	4.049
301.4	295.70825	2.962
301.5	294.47693	3.853
301.6	288.85181	3.780
301.7	293.68897	4.007
301.8	291.75682	3.411
301.9	287.55290	3.843
302.0	281.92394	3.768
302.1	289.15219	3.784
302.2	288.02835	3.689
302.3	294.77100	3.857
302.4	290.04921	3.553
302.5	294.20962	3.357
302.6	294.40657	3.360
302.7	288.77668	3.295
302.8	281.98585	3.847
302.9	281.97896	3.769
303.0	292.68220	3.993
303.1	287.54048	3.923
303.2	286.05770	3.823
303.3	286.12657	3.744
303.4	286.92549	3.675
303.5	282.58708	3.934
303.6	277.10840	3.858
303.7	285.40810	4.372
303.8	283.25141	4.260
303.9	282.25012	4.166
304.0	279.76987	4.051
304.1	278.54741	3.412
304.2	274.23228	3.282
304.3	273.33723	3.195
304.4	268.36519	3.137
304.5	266.59412	3.042
304.6	260.83568	3.850
304.7	264.64369	4.128
304.8	261.37241	4.077
304.9	260.18216	3.986
305.0	256.93719	3.864
305.1	261.02661	3.197
305.2	265.31294	3.990
305.3	274.76104	4.439
305.4	272.84995	4.332
305.5	268.77158	4.267
305.6	266.83337	4.162
305.7	266.87490	4.088
305.8	262.33344	4.019
305.9	258.91149	3.894
306.0	255.37056	3.983
306.1	256.11157	3.923
306.2	260.19019	4.277
306.3	257.42320	4.231
306.4	260.23185	4.059
306.5	256.92529	4.008
306.6	251.98413	3.931
306.7	252.47111	3.797
306.8	255.94127	4.135
306.9	253.12726	4.019
307.0	254.04063	3.892
307.1	259.69175	4.341
307.2	249.46070	3.822
307.3	259.12810	4.187
307.4	256.94573	4.080
307.5	257.43032	3.944
307.6	251.29030	4.060
307.7	246.57964	3.984
307.8	248.69385	3.879
307.9	244.90368	3.820
308.0	245.26720	3.757
308.1	250.79698	4.052
308.2	246.55628	3.984
308.3	243.78942	3.871
308.4	243.55196	3.867
308.5	246.93765	4.128
308.6	249.25758	4.027
308.7	248.65227	3.879
308.8	243.71625	3.802
308.9	242.09493	3.709
309.0	255.73423	4.132
309.1	252.46733	4.009
309.2	248.14305	3.940
309.3	244.64587	3.953
309.4	242.39074	3.849
309.5	247.72373	4.210
309.6	247.06434	4.130
309.7	245.37497	4.033
309.8	242.19889	3.913
309.9	243.07083	3.792
310.0	240.41667	3.884
310.1	239.59929	4.273
310.2	237.79328	4.108
310.3	233.79118	4.039
310.4	231.90494	3.941
310.5	230.50207	3.853
310.6	228.68522	3.759
310.7	241.56213	4.105
310.8	239.86422	4.077
310.9	235.36628	4.000
311.0	229.69556	3.968
311.1	228.39875	3.882
311.2	235.09440	4.193
311.3	239.26005	4.066
311.4	237.54687	3.971
311.5	233.36158	3.901
311.6	233.64867	3.971
311.7	232.39406	3.820
311.8	225.24418	3.891
311.9	229.08995	4.214
312.0	227.58393	4.122
312.1	228.62313	4.013
312.2	226.68053	3.916
312.3	224.96354	3.823
312.4	231.52515	4.064
312.5	229.63349	4.095
312.6	223.90545	4.056
312.7	223.24718	3.919
312.8	221.37030	3.824
312.9	229.65841	4.160
313.0	231.32907	4.061
313.1	229.89048	3.971
313.2	228.18365	3.878
313.3	222.17297	3.962
313.4	226.13982	4.286
313.5	225.15700	4.204
313.6	224.05906	4.121
313.7	222.59364	4.032
313.8	218.44580	3.957
313.9	218.52888	3.836
314.0	215.00213	3.774
314.1	222.90045	4.162
314.2	220.29691	4.114
314.3	217.85144	4.007
314.4	217.50450	4.061
314.5	223.49774	4.173
314.6	223.07845	4.103
314.7	223.44043	3.985
314.8	219.97494	3.923
314.9	219.51943	4.038
315.0	217.33323	4.241
315.1	219.53193	4.161
315.2	215.72743	4.089
315.3	214.58438	4.067
315.4	212.82525	3.974
315.5	213.80258	3.932
315.6	210.22821	3.867
315.7	213.46485	4.105
315.8	211.83232	4.015
315.9	210.20602	3.984
316.0	210.98487	3.881
316.1	219.90239	4.168
316.2	218.69828	4.145
316.3	217.22553	4.056
316.4	217.93730	4.009
316.5	212.36386	4.025
316.6	210.34665	3.928
316.7	206.65289	3.859
316.8	210.18288	3.983
316.9	209.64535	4.032
317.0	208.26505	3.947
317.1	206.52067	3.914
317.2	206.20969	4.254
317.3	205.03355	4.230
317.4	201.36240	4.098
317.5	200.09451	4.072
317.6	203.81930	3.920
317.7	202.01428	3.885
317.8	198.10229	3.810
317.9	209.06477	4.021
318.0	209.21683	4.199
318.1	207.75367	4.054
318.2	205.62071	3.954
318.3	202.48171	4.121
318.4	199.97815	4.014
318.5	202.10938	3.943
318.6	201.23426	3.870
318.7	203.23829	3.852
318.8	201.77179	3.768
318.9	201.92770	3.883
319.0	199.32157	3.778
319.1	197.48882	3.688
319.2	197.65891	3.967
319.3	196.65392	3.837
319.4	193.97916	3.785
319.5	194.96221	3.750
319.6	191.67760	3.686
319.7	204.38102	4.217
319.8	203.40193	4.139
319.9	201.41577	4.155
320.0	198.42738	3.872
320.1	197.80091	4.025
320.2	196.46534	3.943
320.3	195.17502	3.863
320.4	193.02548	3.928
320.5	196.82982	4.116
320.6	195.77970	4.039
320.7	192.34458	3.968
320.8	187.86674	3.613
320.9	190.11197	3.922
321.0	188.74198	3.894
321.1	188.04382	3.827
321.2	184.36823	3.752
321.3	187.50087	3.921
321.4	187.83623	3.875
321.5	193.16953	4.093
321.6	185.09525	3.870
321.7	189.02954	4.006
321.8	187.24508	3.915
321.9	187.77195	3.926
322.0	188.84920	3.949
322.1	186.37867	3.845
322.2	184.30865	3.854
322.3	181.93408	3.703
322.4	179.63303	3.555
322.5	177.65971	3.466
322.6	178.93077	3.742
322.7	178.64802	3.686
322.8	178.68703	3.686
322.9	180.11266	3.867
323.0	180.13443	3.817
323.1	181.41789	3.844
323.2	181.96989	3.805
323.3	177.24178	3.855
323.4	180.27479	3.820
323.5	180.18360	3.768
323.6	177.76216	3.717
323.7	183.76726	3.894
323.8	183.03447	3.827
323.9	182.85036	3.824
324.0	179.35013	3.600
324.1	177.58766	3.515
324.2	175.42538	3.374
324.3	176.20150	3.339
324.4	174.27345	3.595
324.5	177.41561	3.760
324.6	175.85745	3.677
324.7	175.69397	3.576
324.8	172.48066	3.510
324.9	175.23969	3.713
325.0	174.85392	3.705
325.1	172.51824	3.752
325.2	172.86426	3.711
325.3	173.79417	3.780
325.4	170.73601	3.714
325.5	175.52488	3.769
325.6	174.16471	3.593
325.7	170.56050	3.471
325.8	169.01431	3.392
325.9	167.98431	3.372
326.0	167.28527	3.545
326.1	164.31664	3.160
326.2	162.62381	3.082
326.3	166.01299	3.611
326.4	167.35376	3.593
326.5	169.67461	3.548
326.6	164.44450	3.393
326.7	162.83092	3.359
326.8	159.72970	3.251
326.9	154.99275	3.111
327.0	160.22568	3.754
327.1	161.01739	3.683
327.2	162.68613	3.584
327.3	160.48991	3.491
327.4	158.85543	3.366
327.5	158.86808	3.322
327.6	159.52872	3.247
327.7	159.46882	3.558
327.8	153.94242	3.004
327.9	153.41390	3.509
328.0	154.07840	3.438
328.1	155.03593	3.372
328.2	152.68395	3.321
328.3	156.62561	3.319
328.4	155.11549	3.200
328.5	153.30795	3.120
328.6	147.94108	2.969
328.7	145.56759	2.881
328.8	143.93350	2.808
328.9	144.88569	3.476
329.0	146.82549	3.399
329.1	147.73825	3.296
329.2	150.55123	3.190
329.3	148.43406	3.104
329.4	147.49066	3.043
329.5	146.88262	2.948
329.6	144.36091	2.857
329.7	144.31476	3.381
329.8	150.20646	3.309
329.9	151.73202	3.300
330.0	151.43345	3.209
330.1	150.34577	3.144
330.2	146.03925	3.013
330.3	143.43123	2.919
330.4	140.96513	2.829
330.5	139.11653	2.753
330.6	139.52339	3.035
330.7	139.67918	2.960
330.8	138.81765	2.903
330.9	136.92771	2.787
331.0	137.46681	3.028
331.1	138.54061	2.897
331.2	142.53993	2.941
331.3	138.83629	3.136
331.4	136.28671	3.002
331.5	136.19279	2.924
331.6	137.52468	2.876
331.7	138.05872	3.080
331.8	141.53235	3.039
331.9	142.66960	2.943
332.0	137.47433	2.798
332.1	138.19860	2.812
332.2	132.24527	2.617
332.3	135.49703	3.023
332.4	136.32684	2.965
332.5	139.12862	2.948
332.6	136.21906	2.848
332.7	134.45725	2.774
332.8	130.97852	2.702
332.9	128.88891	3.996
333.0	129.39927	3.903
333.1	129.82613	3.843
333.2	129.96973	3.191
333.3	130.45841	3.093
333.4	130.72746	2.990
333.5	130.95020	2.922
333.6	131.55318	2.824
333.7	131.49578	2.750
333.8	127.33334	2.591
333.9	125.33264	2.516
334.0	123.10261	2.436
334.1	125.10267	3.879
334.2	126.37180	2.996
334.3	125.45110	2.904
334.4	125.49346	2.835
334.5	122.33494	2.729
334.6	123.23557	2.611
334.7	123.13925	3.852
334.8	123.58059	3.762
334.9	117.40763	3.113
335.0	117.53963	3.017
335.1	118.55894	2.911
335.2	118.76821	2.816
335.3	119.98240	2.710
335.4	120.52994	2.622
335.5	124.01204	2.593
335.6	119.91672	2.474
335.7	117.17475	2.385
335.8	114.68814	3.781
335.9	119.95914	3.753
336.0	119.97137	3.989
336.1	120.28402	3.932
336.2	119.14768	3.895
336.3	120.41804	3.835
336.4	119.72257	3.779
336.5	114.32844	3.834
336.6	112.92926	3.946
336.7	115.34521	2.929
336.8	114.06252	2.832
336.9	117.11101	2.744
337.0	115.76571	2.615
337.1	113.07433	2.523
337.2	112.51482	2.416
337.3	110.22460	2.305
337.4	108.74303	3.494
337.5	108.80261	3.373
337.6	110.66701	3.649
337.7	111.68854	2.742
337.8	111.45033	2.643
337.9	110.14831	3.725
338.0	111.05431	2.447
338.1	107.70049	2.343
338.2	106.66615	2.260
338.3	107.55277	3.637
338.4	108.29706	3.571
338.5	108.85293	3.528
338.6	108.52136	3.426
338.7	110.07890	3.320
338.8	108.72016	3.249
338.9	106.88362	3.134
339.0	105.60978	3.037
339.1	105.94453	2.928
339.2	105.41414	2.824
339.3	106.00063	2.721
339.4	104.42931	2.622
339.5	104.87695	2.516
339.6	105.39365	2.410
339.7	107.41464	2.336
339.8	105.90550	2.244
339.9	103.76574	2.170
340.0	101.77746	2.071
340.1	97.67039	4.238
340.2	99.88378	3.434
340.3	102.85249	3.333
340.4	104.70448	3.246
340.5	104.70206	3.158
340.6	102.91398	3.046
340.7	100.86231	2.957
340.8	99.12593	2.851
340.9	99.09020	3.546
341.0	99.20713	3.438
341.1	99.01277	3.348
341.2	97.71753	3.249
341.3	97.29490	3.153
341.4	96.53348	4.325
341.5	97.49637	4.230
341.6	98.92802	4.264
341.7	99.61704	3.537
341.8	100.15859	3.443
341.9	99.77363	3.346
342.0	100.16146	3.246
342.1	99.21287	3.132
342.2	98.95990	3.068
342.3	96.74554	2.945
342.4	94.99124	2.838
342.5	93.71591	4.066
342.6	92.80798	4.027
342.7	91.47920	3.943
342.8	91.25100	3.239
342.9	91.80478	4.009
343.0	90.77519	3.939
343.1	90.24549	3.916
343.2	92.19440	4.156
343.3	92.25167	4.133
343.4	92.77091	4.025
343.5	92.57680	4.017
343.6	91.98918	3.991
343.7	93.04508	4.063
343.8	91.87216	3.986
343.9	92.91627	4.189
344.0	91.50923	2.837
344.1	91.10683	4.107
344.2	90.41687	3.949
344.3	90.41032	3.923
344.4	89.70375	3.892
344.5	87.93480	3.939
344.6	88.85491	4.006
344.7	88.14776	3.974
344.8	87.13107	3.928
344.9	86.56841	3.878
345.0	89.81900	4.075
345.1	89.71975	4.045
345.2	89.29531	4.026
345.3	89.28988	3.874
345.4	88.33375	3.982
345.5	87.38728	3.940
345.6	86.19261	3.886
345.7	83.48738	3.552
345.8	85.82869	3.845
345.9	87.13351	3.805
346.0	87.31463	3.788
346.1	87.94209	3.965
346.2	86.01767	3.078
346.3	86.28818	2.966
346.4	85.61485	2.871
346.5	85.12171	3.861
346.6	84.60473	3.838
346.7	84.28948	3.800
346.8	83.51759	3.765
346.9	84.62140	3.791
347.0	87.91258	3.988
347.1	87.95531	3.990
347.2	87.13547	3.928
347.3	82.65037	3.563
347.4	81.45258	3.718
347.5	81.22443	3.685
347.6	81.48925	3.674
347.7	81.67323	3.682
347.8	86.08782	3.905
347.9	85.07256	3.811
348.0	83.18377	3.703
348.1	81.32296	3.597
348.2	79.62769	3.477
348.3	77.96447	3.361
348.4	76.84965	3.291
348.5	76.22059	3.458
348.6	76.80860	3.614
348.7	83.59752	3.816
348.8	82.52222	3.674
348.9	81.36405	3.576
349.0	81.57385	3.539
349.1	80.94106	3.695
349.2	80.03076	3.631
349.3	79.36398	3.600
349.4	74.93553	3.611
349.5	74.64535	3.344
349.6	76.62205	3.541
349.7	78.92871	3.603
349.8	77.76920	3.484
349.9	76.31406	3.376
350.0	75.85464	3.313
350.1	76.80687	3.506
350.2	75.97570	3.382
350.3	77.93988	3.558
350.4	76.62046	3.541
350.5	77.73626	3.548
350.6	77.53589	3.495
350.7	76.13238	3.389
350.8	74.61987	3.280
350.9	73.21545	3.177
351.0	71.27901	3.073
351.1	70.49301	3.218
351.2	70.19310	3.145
351.3	69.73468	3.518
351.4	72.01455	3.389
351.5	75.35790	3.397
351.6	73.95258	3.292
351.7	72.93164	3.226
351.8	71.55420	3.084
351.9	71.02633	3.022
352.0	74.12510	3.342
352.1	75.08765	3.470
352.2	75.97462	3.489
352.3	75.83892	3.419
352.4	74.73963	3.348
352.5	73.13507	3.256
352.6	71.18433	3.149
352.7	68.86214	3.007
352.8	67.46459	2.908
352.9	68.70515	3.117
353.0	70.21649	3.364
353.1	73.32657	3.368
353.2	73.84419	3.329
353.3	72.36745	3.222
353.4	70.15420	3.083
353.5	69.23313	3.023
353.6	67.94630	2.948
353.7	66.05270	2.847
353.8	64.09945	2.709
353.9	65.22820	3.088
354.0	66.58559	3.058
354.1	65.64071	2.996
354.2	65.75526	2.946
354.3	65.43970	3.006
354.4	64.95823	2.910
354.5	63.13361	2.811
354.6	63.45870	3.507
354.7	65.48344	3.359
354.8	66.01154	3.274
354.9	65.95467	3.178
355.0	66.03339	3.107
355.1	66.34963	2.991
355.2	65.88556	2.933
355.3	64.28573	2.826
355.4	62.96678	2.732
355.5	60.88540	3.313
355.6	61.09223	3.186
355.7	64.42964	2.977
355.8	66.14650	3.019
355.9	66.43702	3.014
356.0	65.32753	2.927
356.1	63.54159	2.829
356.2	61.54034	2.705
356.3	60.32579	2.617
356.4	58.57907	2.509
356.5	57.87610	3.215
356.6	62.01723	3.111
356.7	63.83013	3.004
356.8	64.74102	2.937
356.9	63.67545	2.853
357.0	61.53041	2.722
357.1	59.54290	2.600
357.2	58.11624	2.522
357.3	56.96755	3.197
357.4	57.73623	3.109
357.5	58.05626	2.995
357.6	61.70346	2.851
357.7	62.82927	2.832
357.8	61.01875	2.716
357.9	59.20096	2.602
358.0	58.08698	2.537
358.1	56.42648	2.432
358.2	54.65226	2.340
358.3	53.86383	2.443
358.4	53.20538	2.384
358.5	55.37853	2.825
358.6	57.73145	2.717
358.7	57.19070	2.611
358.8	57.07236	2.541
358.9	54.87321	2.412
359.0	54.04953	2.452
359.1	53.64208	2.312
359.2	52.11845	2.910
359.3	53.36296	2.813
359.4	56.47444	2.674
359.5	57.82343	2.623
359.6	56.52343	2.516
359.7	55.67380	2.431
359.8	55.09773	2.391
359.9	53.50335	2.639
360.0	52.91288	2.550
360.1	53.87225	2.444
360.2	53.09980	2.379
360.3	53.29987	3.369
360.4	52.85138	3.265
360.5	52.24055	2.414
360.6	51.80153	2.335
360.7	50.93152	3.017
360.8	50.70586	2.931
360.9	51.32827	2.822
361.0	51.90586	2.721
361.1	52.13728	2.630
361.2	54.25767	2.507
361.3	54.71100	2.451
361.4	52.61475	2.327
361.5	51.41893	2.246
361.6	49.81521	2.147
361.7	48.80524	2.656
361.8	48.51635	2.557
361.9	52.48544	2.425
362.0	52.22826	2.355
362.1	51.62833	2.298
362.2	50.76739	2.332
362.3	49.99018	2.254
362.4	48.81007	2.933
362.5	47.93990	2.840
362.6	47.59132	2.738
362.7	48.88830	2.632
362.8	50.16475	2.531
362.9	52.65860	2.433
363.0	52.25841	2.341
363.1	50.64480	2.255
363.2	48.38667	2.127
363.3	47.18740	2.061
363.4	45.41464	2.638
363.5	44.57946	2.577
363.6	44.08241	2.524
363.7	44.80829	2.438
363.8	47.43606	2.205
363.9	48.06390	2.208
364.0	48.52840	2.174
364.1	46.12260	2.040
364.2	44.42997	3.542
364.3	43.83871	3.445
364.4	43.12358	2.542
364.5	43.58274	3.114
364.6	44.92967	4.239
364.7	44.59342	3.047
364.8	45.40331	2.149
364.9	46.57218	2.100
365.0	45.18911	2.651
365.1	45.37477	2.610
365.2	44.76076	2.537
365.3	44.34406	2.438
365.4	43.50552	4.017
365.5	42.90860	2.250
365.6	42.40094	2.139
365.7	43.61441	2.015
365.8	43.23360	1.937
365.9	42.20698	3.970
366.0	41.42328	3.350
366.1	41.02788	3.248
366.2	41.22784	3.889
366.3	41.73303	3.937
366.4	43.10006	2.945
366.5	42.54325	2.846
366.6	43.78460	4.131
366.7	43.36722	4.091
366.8	42.70555	4.029
366.9	42.02749	3.953
367.0	41.19387	3.886
367.1	44.42785	4.191
367.2	42.32547	4.005
367.3	41.86502	3.962
367.4	41.76056	3.940
367.5	41.96299	3.959
367.6	41.70024	3.934
367.7	40.61967	3.762
367.8	40.68454	3.791
367.9	39.97666	3.703
368.0	39.20753	3.710
368.1	39.05825	3.696
368.2	39.19255	3.697
368.3	39.12422	3.691
368.4	41.79488	3.955
368.5	42.06052	3.968
368.6	41.38689	3.916
368.7	40.91224	3.860
368.8	40.22654	3.783
368.9	39.14964	3.660
369.0	38.95394	3.597
369.1	39.08216	3.687
369.2	39.29516	3.707
369.3	38.81512	3.651
369.4	38.81556	3.172
369.5	39.78461	3.765
369.6	39.74060	3.761
369.7	39.27253	3.705
369.8	38.46154	3.606
369.9	37.59407	3.514
370.0	36.40304	2.570
370.1	36.18655	2.472
370.2	36.98549	3.776
370.3	37.97129	3.811
370.4	38.92304	3.683
370.5	39.40743	3.706
370.6	38.62405	3.611
370.7	37.83996	3.505
370.8	37.51656	3.550
370.9	37.39660	3.539
371.0	35.73459	3.669
371.1	36.91534	3.493
371.2	36.17007	3.672
371.3	38.60813	3.653
371.4	38.79666	3.671
371.5	37.33998	3.490
371.6	36.90612	3.450
371.7	35.44716	3.283
371.8	35.04084	3.235
371.9	35.80177	3.686
372.0	35.96964	3.662
372.1	33.95857	3.958
372.2	33.71595	3.579
372.3	34.01981	3.483
372.4	35.31496	3.382
372.5	35.54299	3.343
372.6	35.72718	3.638
372.7	34.89528	3.483
372.8	34.88640	3.371
372.9	35.46641	3.326
373.0	35.71293	3.379
373.1	37.26596	3.516
373.2	36.75895	3.436
373.3	36.01123	3.408
373.4	35.80858	3.388
373.5	34.56959	3.490
373.6	34.23112	3.397
373.7	33.96964	3.214
373.8	34.33710	3.220
373.9	33.36898	3.484
374.0	33.05855	3.394
374.1	32.90228	3.787
374.2	32.77492	3.441
374.3	32.92169	3.106
374.4	32.64212	3.051
374.5	32.08241	3.674
374.6	32.41899	3.394
374.7	35.50453	3.360
374.8	35.60982	3.370
374.9	35.01211	3.293
375.0	34.32456	3.218
375.1	33.14859	3.089
375.2	32.54756	3.005
375.3	31.55630	2.895
375.4	30.60780	2.791
375.5	30.28261	3.153
375.6	33.51161	3.171
375.7	33.58864	3.130
375.8	32.96226	3.461
375.9	32.86252	3.110
376.0	32.08448	3.748
376.1	31.66125	3.690
376.2	31.25475	3.597
376.3	30.82278	3.503
376.4	30.33109	3.403
376.5	31.71911	3.257
376.6	33.00140	3.123
376.7	33.32650	3.134
376.8	32.03100	2.994
376.9	31.23782	2.911
377.0	30.92649	2.855
377.1	29.79129	2.734
377.2	28.95425	2.865
377.3	28.57569	2.753
377.4	28.47228	2.678
377.5	28.17405	2.634
377.6	28.82111	2.984
377.7	30.33912	2.871
377.8	30.34872	2.846
377.9	30.16654	3.507
378.0	29.75450	3.407
378.1	29.58035	3.302
378.2	29.92562	3.159
378.3	30.12621	3.102
378.4	29.81648	3.010
378.5	29.33105	2.902
378.6	28.95183	2.806
378.7	29.02339	2.730
378.8	28.06204	2.607
378.9	28.26787	3.294
379.0	28.58830	3.191
379.1	28.57850	3.099
379.2	28.35071	3.009
379.3	28.43926	2.912
379.4	28.83629	2.770
379.5	28.63166	2.709
379.6	27.87296	2.614
379.7	27.21381	2.544
379.8	26.06321	2.414
379.9	26.60148	3.116
380.0	29.28206	3.015
380.1	28.87020	2.915
380.2	28.60786	2.814
380.3	28.36710	2.709
380.4	28.08071	2.641
380.5	27.20597	2.543
380.6	26.57577	2.461
380.7	25.70875	3.115
380.8	26.47497	3.024
380.9	27.17995	2.916
381.0	27.51261	2.817
381.1	27.52873	2.716
381.2	27.80092	2.623
381.3	27.28178	2.558
381.4	26.35558	2.464
381.5	25.51595	2.671
381.6	25.49121	3.623
381.7	25.33030	3.600
381.8	24.95439	2.419
381.9	25.04069	2.348
382.0	24.41965	3.442
382.1	23.73887	3.325
382.2	23.85403	2.429
382.3	24.93419	2.345
382.4	25.17107	2.534
382.5	25.25210	2.936
382.6	24.69799	2.821
382.7	25.43856	2.729
382.8	26.02545	2.627
382.9	26.00414	2.520
383.0	25.99982	2.445
383.1	25.30704	2.920
383.2	24.69597	2.821
383.3	24.13985	2.722
383.4	24.41074	3.462
383.5	24.23385	3.437
383.6	24.23534	3.430
383.7	24.22311	3.330
383.8	23.94784	3.117
383.9	23.55489	3.053
384.0	23.30810	3.007
384.1	23.43373	2.928
384.2	23.90739	2.793
384.3	23.63449	2.734
384.4	23.38109	2.630
384.5	23.31114	2.528
384.6	25.35394	2.399
384.7	24.84036	2.336
384.8	24.05062	2.255
384.9	23.15561	2.165
385.0	21.90504	2.029
385.1	21.56186	2.725
385.2	21.87495	2.575
385.3	23.36270	3.313
385.4	23.18511	2.427
385.5	23.15874	2.325
385.6	23.18360	2.194
385.7	23.02384	2.937
385.8	23.16452	2.841
385.9	23.19237	2.716
386.0	22.75284	2.638
386.1	22.21381	2.544
386.2	21.66453	2.437
386.3	21.29477	2.340
386.4	22.08467	2.242
386.5	22.39517	2.138
386.6	22.21096	2.083
386.7	21.67875	2.026
386.8	20.69394	2.646
386.9	20.53447	2.542
387.0	20.56493	2.444
387.1	20.22697	2.340
387.2	21.52414	3.053
387.3	21.06478	2.957
387.4	20.70058	2.876
387.5	21.19378	2.747
387.6	21.27778	2.646
387.7	21.18843	2.543
387.8	20.92734	2.451
387.9	20.42150	2.368
388.0	20.37770	2.944
388.1	20.38794	2.898
388.2	20.28262	2.853
388.3	20.07216	2.747
388.4	20.20215	2.647
388.5	20.78970	2.549
388.6	20.89752	2.447
388.7	20.62924	2.350
388.8	20.08094	2.247
388.9	19.62951	3.778
389.0	19.62944	2.824
389.1	19.50327	2.755
389.2	19.03873	2.661
389.3	18.64085	2.557
389.4	18.53894	3.255
389.5	18.44568	3.157
389.6	18.58237	3.060
389.7	18.75072	2.956
389.8	20.10105	2.857
389.9	19.68190	2.757
390.0	19.24950	2.663
390.1	19.24512	2.556
390.2	18.99412	2.461
390.3	18.59716	2.361
390.4	18.38383	2.260
390.5	18.53884	3.668
390.6	18.35587	3.571
390.7	18.80462	3.597
390.8	18.83990	1.859
390.9	18.43288	2.571
391.0	18.03595	3.472
391.1	17.60119	2.148
391.2	17.33216	3.064
391.3	17.21758	2.962
391.4	17.69671	2.868
391.5	17.94549	3.454
391.6	18.03250	3.460
391.7	17.75871	2.565
391.8	17.65113	2.478
391.9	17.15939	2.384
392.0	17.51425	2.265
392.1	17.45534	2.166
392.2	17.16313	2.065
392.3	17.01534	1.978
392.4	17.05718	3.471
392.5	17.62030	2.509
392.6	17.55267	2.474
392.7	17.28452	3.173
392.8	17.07899	3.070
392.9	17.02816	2.970
393.0	16.82989	2.876
393.1	16.57799	2.774
393.2	16.77846	3.349
393.3	16.78281	3.230
393.4	16.84847	3.243
393.5	16.64678	3.184
393.6	16.18656	3.082
393.7	15.78659	2.978
393.8	16.16296	2.876
393.9	16.79711	2.776
394.0	16.97834	2.612
394.1	16.71474	2.547
394.2	16.70968	2.380
394.3	16.81661	2.380
394.4	16.26612	2.283
394.5	15.76884	2.998
394.6	15.21873	2.880
394.7	15.29243	3.487
394.8	15.33666	3.322
394.9	15.61722	3.365
395.0	15.80895	3.198
395.1	16.45685	3.168
395.2	16.19880	3.094
395.3	15.79840	3.008
395.4	15.29977	2.904
395.5	14.80058	2.787
395.6	15.10104	2.683
395.7	15.24461	2.582
395.8	15.11122	2.484
395.9	14.77097	2.385
396.0	14.58285	3.094
396.1	14.84570	2.990
396.2	15.20682	2.895
396.3	15.04450	3.594
396.4	14.96371	3.412
396.5	14.88765	3.252
396.6	15.05011	3.238
396.7	14.95534	3.191
396.8	14.74057	3.092
396.9	15.28811	2.943
397.0	15.28416	2.896
397.1	15.20727	2.792
397.2	14.96321	2.689
397.3	14.67187	2.589
397.4	14.46780	2.494
397.5	14.28458	2.390
397.6	14.56733	2.804
397.7	14.37269	2.766
397.8	13.98856	2.676
397.9	13.72808	2.793
398.0	13.69661	3.375
398.1	13.86655	3.350
398.2	13.77992	3.300
398.3	14.38831	3.134
398.4	14.52845	3.100
398.5	14.35692	2.999
398.6	14.28617	2.899
398.7	14.57184	2.800
398.8	14.27422	2.731
398.9	13.73890	2.604
399.0	13.32868	2.502
399.1	13.06447	3.152
399.2	13.08499	3.843
399.3	13.64557	2.936
399.4	13.82156	2.780
399.5	13.81900	2.660
399.6	13.99615	2.681
399.7	13.47269	2.573
399.8	13.27586	3.239
399.9	13.37078	3.210
400.0	13.06213	3.108
400.1	12.88560	3.008
400.2	12.99422	2.908
400.3	13.11663	2.810
400.4	13.25612	2.705
400.5	13.15463	2.606
400.6	13.26227	2.541
400.7	12.83636	3.101
400.8	12.83318	3.096
400.9	12.56317	3.016
401.0	12.21572	2.914
401.1	11.97202	2.744
401.2	12.14002	2.623
401.3	13.44816	2.588
401.4	13.22750	2.534
401.5	12.68608	2.415
401.6	12.30788	2.340
401.7	12.20864	3.012
401.8	12.19231	2.916
401.9	12.06174	3.542
402.0	12.30798	2.714
402.1	12.27288	2.615
402.2	12.19006	2.513
402.3	12.10156	2.416
402.4	12.13004	2.320
402.5	11.92346	2.881
402.6	12.34058	2.918
402.7	12.22868	2.785
402.8	12.07947	2.718
402.9	12.08842	2.604
403.0	11.97172	2.518
403.1	11.90920	2.416
403.2	11.68198	2.318
403.3	11.54055	2.218
403.4	11.17584	3.551
403.5	11.14002	3.536
403.6	11.36649	3.338
403.7	11.78955	3.448
403.8	11.55103	2.520
403.9	11.39298	3.196
404.0	11.24290	3.126
404.1	11.56132	2.929
404.2	11.56311	2.797
404.3	11.36776	2.746
404.4	11.15345	2.695
404.5	10.96049	2.631
404.6	10.85021	2.523
404.7	11.33298	2.425
404.8	11.15814	2.324
404.9	11.15514	2.223
405.0	11.20250	2.146
405.1	10.72499	2.039
405.2	10.38964	2.497
405.3	10.37927	3.410
405.4	10.61962	3.335
405.5	10.98968	3.227
405.6	10.81347	3.159
405.7	10.47175	3.040
405.8	10.35907	2.934
405.9	10.54519	2.832
406.0	10.89194	2.733
406.1	10.86199	2.627
406.2	10.58913	2.536
406.3	10.31716	3.030
406.4	10.31088	3.028
406.5	10.27454	3.008
406.6	10.05503	2.136
406.7	10.39438	2.035
406.8	10.56408	2.549
406.9	10.54679	2.545
407.0	10.39111	2.501
407.1	10.10195	3.210
407.2	10.07532	3.139
407.3	9.97094	3.039
407.4	10.07420	2.949
407.5	9.74314	2.843
407.6	9.70145	2.742
407.7	9.85468	2.641
407.8	9.81376	2.540
407.9	9.73782	3.091
408.0	9.81049	3.111
408.1	10.36026	3.042
408.2	10.07116	2.945
408.3	9.79192	2.854
408.4	9.49255	2.744
408.5	9.37488	2.635
408.6	9.42976	2.521
408.7	9.24858	2.445
408.8	9.22571	2.332
408.9	9.59533	3.049
409.0	9.47522	2.946
409.1	9.57276	2.846
409.2	9.42392	2.753
409.3	9.14001	2.656
409.4	9.16106	2.547
409.5	9.11479	3.140
409.6	9.08855	3.128
409.7	8.97493	3.055
409.8	9.24666	2.935
409.9	9.20703	2.786
410.0	9.14510	2.686
410.1	9.06753	2.657
410.2	8.81416	2.551
410.3	8.82233	2.453
410.4	8.85516	2.351
410.5	8.78882	2.235
410.6	8.77844	2.123
410.7	8.68162	3.458
410.8	8.58532	3.419
410.9	8.49796	3.385
411.0	8.50964	3.279
411.1	8.92257	3.071
411.2	9.02114	3.102
411.3	8.93535	3.058
411.4	8.77784	2.895
411.5	8.83149	2.800
411.6	8.91164	2.699
411.7	8.79839	2.651
411.8	8.75110	2.559
411.9	8.49428	2.461
412.0	8.41572	2.360
412.1	8.18184	2.257
412.2	8.01613	2.719
412.3	8.50572	2.055
412.4	8.23464	2.502
412.5	8.24132	3.466
412.6	8.26331	3.291
412.7	8.23849	3.268
412.8	8.02313	3.168
412.9	8.09791	3.010
413.0	7.95523	2.955
413.1	8.22005	2.831
413.2	8.28908	2.747
413.3	8.19708	2.665
413.4	8.44255	2.565
413.5	8.36571	2.457
413.6	8.12516	2.366
413.7	7.99407	2.267
413.8	7.76896	2.167
413.9	7.66800	2.066
414.0	7.49895	1.966
414.1	7.64405	2.623
414.2	7.64903	3.340
414.3	7.77039	3.276
414.4	7.61320	3.175
414.5	7.79836	3.096
414.6	7.53779	2.978
414.7	7.62830	2.874
414.8	7.62187	2.773
414.9	7.53623	2.674
415.0	7.51144	2.580
415.1	7.27546	2.474
415.2	7.35502	2.373
415.3	7.35614	2.276
415.4	7.49586	2.194
415.5	7.24412	2.110
415.6	7.01363	2.782
415.7	6.94896	3.483
415.8	7.10362	3.382
415.9	7.24464	3.264
416.0	7.12879	3.182
416.1	7.00169	3.082
416.2	7.20002	2.982
416.3	7.28816	2.894
416.4	7.10164	2.781
416.5	7.01286	2.682
416.6	7.06596	2.582
416.7	7.04602	2.482
416.8	7.11135	2.381
416.9	6.98997	2.281
417.0	6.83754	2.181
417.1	6.74939	2.884
417.2	6.74679	2.786
417.3	6.76543	2.688
417.4	6.52821	2.586
417.5	6.48561	2.485
417.6	6.93429	2.384
417.7	6.71049	2.288
417.8	6.65957	2.989
417.9	6.57565	2.888
418.0	6.69094	2.789
418.1	6.78324	3.436
418.2	6.68264	3.385
418.3	6.53930	3.303
418.4	6.37101	3.137
418.5	6.87514	3.093
418.6	6.75931	2.860
418.7	6.77979	2.867
418.8	6.75162	2.745
418.9	6.75723	2.691
419.0	6.58523	2.600
419.1	6.46732	2.492
419.2	6.35329	2.362
419.3	6.24190	2.293
419.4	6.12888	2.190
419.5	6.28977	2.641
419.6	6.22404	2.540
419.7	6.23954	3.495
419.8	6.39275	3.295
419.9	6.44759	3.266
420.0	6.36392	3.207
420.1	6.27258	3.089
420.2	6.22273	2.975
420.3	6.38372	2.874
420.4	6.28260	2.800
420.5	6.23315	2.636
420.6	6.12196	2.589
420.7	6.06313	2.480
420.8	6.07986	2.408
420.9	6.20153	2.301
421.0	6.06996	2.176
421.1	5.97667	2.102
421.2	5.84872	2.002
421.3	5.70031	3.517
421.4	5.73657	3.380
421.5	5.83058	3.268
421.6	5.78379	3.161
421.7	5.76183	3.065
421.8	5.82839	3.008
421.9	5.78727	2.912
422.0	5.67977	2.808
422.1	5.83790	2.707
422.2	5.89318	2.607
422.3	5.87626	2.488
422.4	5.75460	2.409
422.5	5.76134	2.308
422.6	5.59820	2.217
422.7	5.47772	2.912
422.8	5.46139	2.766
422.9	5.39015	2.716
423.0	5.57986	2.521
423.1	5.57434	2.511
423.2	5.48008	2.412
423.3	5.48298	2.313
423.4	5.52683	3.015
423.5	5.47843	2.916
423.6	5.39702	2.815
423.7	5.36429	2.715
423.8	5.23426	2.615
423.9	5.29695	2.517
424.0	5.25242	2.415
424.1	5.21176	2.318
424.2	5.24125	2.216
424.3	5.21158	2.919
424.4	5.21885	2.798
424.5	5.12226	2.719
424.6	5.20209	2.628
424.7	5.03148	2.532
424.8	5.00788	3.223
424.9	4.97139	3.123
425.0	4.92019	3.022
425.1	5.03204	2.923
425.2	5.06567	2.824
425.3	5.06701	2.724
425.4	4.98884	2.624
425.5	4.99507	2.527
425.6	5.03156	3.226
425.7	5.01600	3.102
425.8	4.92652	3.028
425.9	4.92274	2.927
426.0	4.99168	2.799
426.1	4.97680	2.726
426.2	4.96995	2.629
426.3	4.86919	2.527
426.4	4.82824	2.431
426.5	4.88962	2.328
426.6	4.83428	2.228
426.7	4.72884	2.129
426.8	4.69315	2.028
426.9	4.57438	1.928
427.0	4.53456	3.434
427.1	4.57718	3.334
427.2	4.55260	3.235
427.3	4.75528	3.135
427.4	4.74407	3.035
427.5	4.71258	2.930
427.6	4.61639	2.842
427.7	4.68773	2.734
427.8	4.65547	2.634
427.9	4.59828	2.536
428.0	4.61029	2.435
428.1	4.52300	2.335
428.2	4.43496	2.240
428.3	4.38433	2.136
428.4	4.49981	2.779
428.5	4.34729	2.676
428.6	4.27887	3.409
428.7	4.38289	2.458
428.8	4.36830	3.242
428.9	4.30157	3.147
429.0	4.23607	2.172
429.1	4.36617	2.942
429.2	4.27440	2.843
429.3	4.26539	2.745
429.4	4.29281	2.644
429.5	4.28557	2.541
429.6	4.38219	2.449
429.7	4.29365	3.147
429.8	4.29934	2.900
429.9	4.28980	2.892
430.0	4.24335	2.848
430.1	4.19248	2.703
430.2	4.19083	2.591
430.3	4.15845	2.546
430.4	4.21098	2.361
430.5	4.15251	3.151
430.6	4.13829	3.038
430.7	4.06603	2.950
430.8	4.11400	2.833
430.9	4.09491	2.749
431.0	4.11850	2.649
431.1	4.10223	2.551
431.2	3.99221	2.456
431.3	3.95555	2.350
431.4	4.02009	3.053
431.5	4.01388	2.946
431.6	3.90661	2.854
431.7	3.91702	2.753
431.8	3.95012	2.654
431.9	3.95394	2.550
432.0	3.98031	2.455
432.1	3.88185	2.354
432.2	3.80835	2.253
432.3	3.76590	2.958
432.4	3.76402	2.857
432.5	3.77299	2.766
432.6	3.66692	2.657
432.7	3.83568	2.558
432.8	3.83538	3.269
432.9	3.75568	2.358
433.0	3.70534	3.051
433.1	3.74935	2.965
433.2	3.71102	2.827
433.3	3.72620	2.735
433.4	3.71344	2.661
433.5	3.64452	2.561
433.6	3.65480	2.463
433.7	3.67408	2.362
433.8	3.62179	2.262
433.9	3.51125	2.164
434.0	3.54373	2.593
434.1	3.50994	1.962
434.2	3.57762	3.469
434.3	3.56889	3.261
434.4	3.54516	3.238
434.5	3.52769	3.169
434.6	3.53112	3.068
434.7	3.61616	2.968
434.8	3.59814	2.850
434.9	3.62788	2.769
435.0	3.64715	2.673
435.1	3.55845	2.570
435.2	3.47078	2.469
435.3	3.46902	2.369
435.4	3.48493	2.269
435.5	3.42111	2.169
435.6	3.37776	2.068
435.7	3.39404	2.687
435.8	3.34994	2.597
435.9	3.30186	2.498
436.0	3.32558	3.250
436.1	3.31141	3.177
436.2	3.30169	3.077
436.3	3.26705	2.979
436.4	3.38075	2.879
436.5	3.30952	2.776
436.6	3.26809	2.677
436.7	3.27694	2.576
436.8	3.21886	2.476
436.9	3.20562	2.377
437.0	3.26237	2.276
437.1	3.21810	2.176
437.2	3.21150	2.832
437.3	3.23491	2.762
437.4	3.15742	2.686
437.5	3.18610	2.524
437.6	3.15084	2.480
437.7	3.10337	2.363
437.8	3.11749	2.286
437.9	3.05893	2.988
438.0	3.06155	2.884
438.1	3.03117	2.784
438.2	3.02905	2.684
438.3	3.04504	2.594
438.4	3.04527	2.484
438.5	3.01694	2.387
438.6	2.96515	3.082
438.7	2.98440	2.917
438.8	2.96327	2.893
438.9	2.96665	2.712
439.0	2.95137	2.689
439.1	2.97265	2.572
439.2	2.93132	2.493
439.3	2.93377	2.369
439.4	2.90306	2.288
439.5	2.90765	2.188
439.6	2.87596	2.892
439.7	2.83136	2.792
439.8	2.81926	3.489
439.9	2.86914	3.354
440.0	2.85424	3.239
440.1	2.88461	3.188
440.2	2.84450	2.957
440.3	2.90018	2.919
440.4	2.88724	2.822
440.5	2.89787	2.793
440.6	2.86784	2.620
440.7	2.88388	2.590
440.8	2.85929	2.495
440.9	2.80943	2.395
441.0	2.76719	2.295
441.1	2.76602	2.191
441.2	2.79840	2.096
441.3	2.72854	2.000
441.4	2.64860	3.454
441.5	2.68760	3.403
441.6	2.68129	3.310
441.7	2.67437	3.128
441.8	2.74444	3.104
441.9	2.72297	3.008
442.0	2.66885	2.903
442.1	2.70317	2.806
442.2	2.76712	2.703
442.3	2.67749	2.606
442.4	2.67587	2.503
442.5	2.63814	2.405
442.6	2.66086	2.303
442.7	2.59915	2.204
442.8	2.55414	2.103
442.9	2.55000	2.004
443.0	2.51026	2.609
443.1	2.48785	3.411
443.2	2.51789	3.282
443.3	2.53189	3.210
443.4	2.51925	3.111
443.5	2.56144	2.996
443.6	2.55550	2.905
443.7	2.55060	2.811
443.8	2.53987	2.710
443.9	2.51938	2.611
444.0	2.52547	2.510
444.1	2.47909	2.415
444.2	2.50046	2.311
444.3	2.43234	2.211
444.4	2.39609	2.801
444.5	2.43612	2.765
444.6	2.45105	2.709
444.7	2.39374	2.488
444.8	2.42498	2.514
444.9	2.40090	2.415
445.0	2.36187	2.308
445.1	2.34392	2.215
445.2	2.31977	2.919
445.3	2.29389	2.818
445.4	2.29137	2.718
445.5	2.32645	2.618
445.6	2.28947	2.519
445.7	2.27645	3.129
445.8	2.28096	2.974
445.9	2.30137	3.000
446.0	2.28211	2.895
446.1	2.27594	2.817
446.2	2.27616	2.662
446.3	2.25029	2.623
446.4	2.26703	2.506
446.5	2.21070	2.422
446.6	2.22668	2.315
446.7	2.17865	2.222
446.8	2.17575	2.122
446.9	2.15833	2.826
447.0	2.15544	2.728
447.1	2.13191	3.383
447.2	2.14716	3.255
447.3	2.13824	3.238
447.4	2.12488	3.066
447.5	2.18657	3.005
447.6	2.13882	2.932
447.7	2.13715	2.787
447.8	2.13522	2.710
447.9	2.13502	2.634
448.0	2.10257	2.530
448.1	2.14824	2.430
448.2	2.11279	2.330
448.3	2.08754	2.230
448.4	2.05669	2.129
448.5	2.02597	2.030
448.6	2.02438	3.512
448.7	2.01822	3.354
448.8	2.01347	3.195
448.9	2.05029	3.176
449.0	2.05304	3.112
449.1	2.06854	2.984
449.2	2.05969	2.897
449.3	2.06073	2.832
449.4	2.06444	2.692
449.5	2.02897	2.638
449.6	2.04661	2.533
449.7	1.98990	2.437
449.8	2.01499	2.337
449.9	1.99522	2.237
450.0	1.94174	2.141
450.1	1.94760	2.037
450.2	1.93141	1.937
450.3	1.91969	2.502
450.4	1.90927	3.314
450.5	1.89718	3.219
450.6	1.89946	3.145
450.7	1.92132	3.045
450.8	1.89940	2.943
450.9	1.88703	2.845
451.0	1.90331	2.745
451.1	1.92742	2.646
451.2	1.87914	2.545
451.3	1.88318	2.447
451.4	1.87221	2.345
451.5	1.84455	2.244
451.6	1.83171	2.144
451.7	1.82329	2.044
451.8	1.76747	1.948
451.9	1.76518	2.648
452.0	1.76754	2.548
452.1	1.76197	2.449
452.2	1.73138	3.152
452.3	1.74787	3.035
452.4	1.73552	2.953
452.5	1.73908	2.853
452.6	1.76235	2.753
452.7	1.75319	2.656
452.8	1.73459	2.552
452.9	1.71558	3.170
453.0	1.73164	3.140
453.1	1.74819	2.965
453.2	1.73290	2.880
453.3	1.74547	2.769
453.4	1.76440	2.732
453.5	1.74054	2.638
453.6	1.72419	2.487
453.7	1.70555	2.456
453.8	1.70749	2.347
453.9	1.67207	2.239
454.0	1.66582	2.144
454.1	1.62779	2.057
454.2	1.62899	2.760
454.3	1.62101	3.455
454.4	1.64891	3.248
454.5	1.63766	3.226
454.6	1.64084	3.099
454.7	1.66950	3.027
454.8	1.65048	2.864
454.9	1.63822	2.842
455.0	1.64699	2.737
455.1	1.64110	2.603
455.2	1.62433	2.516
455.3	1.63123	2.466
455.4	1.60931	2.322
455.5	1.60363	2.255
455.6	1.58411	2.163
455.7	1.57394	2.052
455.8	1.54799	1.964
455.9	1.51211	3.473
456.0	1.53544	3.331
456.1	1.53561	3.272
456.2	1.54708	3.168
456.3	1.53097	3.071
456.4	1.53135	2.893
456.5	1.54987	2.865
456.6	1.53385	2.775
456.7	1.52920	2.654
456.8	1.52471	2.556
456.9	1.50394	2.471
457.0	1.49970	2.372
457.1	1.50601	2.280
457.2	1.46673	2.171
457.3	1.44061	2.072
457.4	1.43973	1.976
457.5	1.42585	3.397
457.6	1.42234	3.325
457.7	1.43760	3.180
457.8	1.43878	3.180
457.9	1.45264	3.070
458.0	1.46017	2.980
458.1	1.44954	2.877
458.2	1.44447	2.779
458.3	1.44922	2.679
458.4	1.45418	2.579
458.5	1.43632	2.479
458.6	1.41806	2.379
458.7	1.42852	2.267
458.8	1.40011	2.179
458.9	1.37717	2.079
459.0	1.35886	1.979
459.1	1.36453	2.686
459.2	1.33503	2.583
459.3	1.32225	2.483
459.4	1.31556	2.383
459.5	1.32851	3.078
459.6	1.32541	2.986
459.7	1.33962	2.886
459.8	1.32518	2.787
459.9	1.32840	2.686
460.0	1.32614	2.587
460.1	1.32180	2.487
460.2	1.30839	2.386
460.3	1.31237	2.287
460.4	1.28722	2.187
460.5	1.26105	2.092
460.6	1.26966	2.790
460.7	1.26434	2.691
460.8	1.26875	2.592
460.9	1.26541	2.490
461.0	1.24049	2.390
461.1	1.23771	2.291
461.2	1.21506	2.995
461.3	1.22281	2.894
461.4	1.22591	2.794
461.5	1.22535	2.695
461.6	1.22218	2.602
461.7	1.21474	2.846
461.8	1.22084	2.402
461.9	1.21725	3.098
462.0	1.21655	2.998
462.1	1.21874	2.899
462.2	1.21850	2.798
462.3	1.20771	2.675
462.4	1.22109	2.600
462.5	1.20662	2.498
462.6	1.19424	2.398
462.7	1.17931	2.298
462.8	1.17346	2.198
462.9	1.15803	2.098
463.0	1.16868	2.490
463.1	1.14834	2.374
463.2	1.14819	2.280
463.3	1.14365	3.299
463.4	1.13355	3.206
463.5	1.13399	3.106
463.6	1.13824	3.006
463.7	1.14666	2.906
463.8	1.14772	2.806
463.9	1.13804	2.706
464.0	1.12550	2.606
464.1	1.12933	2.506
464.2	1.12046	2.406
464.3	1.11744	2.306
464.4	1.11217	2.206
464.5	1.09407	2.106
464.6	1.08556	2.683
464.7	1.07327	2.557
464.8	1.06845	3.336
464.9	1.08165	3.274
465.0	1.07973	3.162
465.1	1.08803	3.085
465.2	1.09595	3.003
465.3	1.09741	2.909
465.4	1.09897	2.812
465.5	1.09687	2.711
465.6	1.08793	2.592
465.7	1.08911	2.514
465.8	1.07319	2.413
465.9	1.06517	2.312
466.0	1.05887	2.213
466.1	1.04392	2.114
466.2	1.02579	2.018
466.3	1.01484	1.914
466.4	1.00313	2.567
466.5	1.00169	2.517
466.6	1.00501	3.218
466.7	1.01340	3.112
466.8	1.01350	3.018
466.9	1.01596	2.921
467.0	1.00360	2.821
467.1	1.00607	2.721
467.2	1.00384	2.617
467.3	0.99413	2.521
467.4	0.99013	2.421
467.5	0.98893	2.321
467.6	0.97615	2.221
467.7	0.96845	2.121
467.8	0.96542	2.825
467.9	0.96422	2.725
468.0	0.95917	2.626
468.1	0.95406	2.526
468.2	0.95300	2.425
468.3	0.94195	2.327
468.4	0.93464	2.225
468.5	0.92659	2.928
468.6	0.93352	2.829
468.7	0.93530	2.729
468.8	0.92826	2.629
468.9	0.92960	2.529
469.0	0.91738	2.431
469.1	0.91457	3.134
469.2	0.91912	3.007
469.3	0.91363	2.932
469.4	0.92043	2.828
469.5	0.92111	2.697
469.6	0.91420	2.632
469.7	0.91044	2.533
469.8	0.91507	2.432
469.9	0.89779	2.333
470.0	0.89414	2.233
470.1	0.87246	2.132
470.2	0.87061	2.032
470.3	0.85166	2.744
470.4	0.84663	2.638
470.5	0.84346	3.342
470.6	0.85717	3.212
470.7	0.85211	3.140
470.8	0.86186	3.040
470.9	0.85965	2.945
471.0	0.85573	2.842
471.1	0.85076	2.741
471.2	0.85230	2.640
471.3	0.84155	2.542
471.4	0.83930	2.440
471.5	0.82749	2.340
471.6	0.83319	2.241
471.7	0.82800	2.751
471.8	0.83067	2.716
471.9	0.81931	2.621
472.0	0.82097	2.521
472.1	0.80858	2.421
472.2	0.81572	2.321
472.3	0.81104	3.147
472.4	0.80770	3.048
472.5	0.81137	2.948
472.6	0.81661	2.847
472.7	0.81155	2.748
472.8	0.80827	2.648
472.9	0.80431	2.548
473.0	0.80737	2.448
473.1	0.79312	2.348
473.2	0.79346	2.248
473.3	0.77566	2.905
473.4	0.77793	2.832
473.5	0.77200	2.726
473.6	0.77427	2.652
473.7	0.76988	2.518
473.8	0.76628	2.451
473.9	0.76862	2.341
474.0	0.75724	2.252
474.1	0.74916	2.955
474.2	0.74460	2.855
474.3	0.74776	2.756
474.4	0.74148	2.656
474.5	0.74560	2.556
474.6	0.73469	2.455
474.7	0.73214	2.358
474.8	0.72739	3.054
474.9	0.72580	2.959
475.0	0.72718	2.843
475.1	0.72504	2.716
475.2	0.73038	2.659
475.3	0.72560	2.560
475.4	0.71854	2.461
475.5	0.71233	2.359
475.6	0.70253	2.259
475.7	0.70027	2.159
475.8	0.68680	2.059
475.9	0.68788	3.487
476.0	0.69116	3.410
476.1	0.69383	3.338
476.2	0.70122	3.198
476.3	0.70466	3.125
476.4	0.69819	3.015
476.5	0.70329	2.952
476.6	0.70204	2.867
476.7	0.70080	2.740
476.8	0.69568	2.667
476.9	0.69568	2.566
477.0	0.68469	2.467
477.1	0.69103	2.367
477.2	0.68277	2.267
477.3	0.67307	2.168
477.4	0.66746	2.067
477.5	0.65678	1.967
477.6	0.64400	3.437
477.7	0.64845	3.371
477.8	0.64893	3.203
477.9	0.65740	3.162
478.0	0.65780	3.074
478.1	0.65361	2.976
478.2	0.65786	2.874
478.3	0.65418	2.747
478.4	0.65504	2.675
478.5	0.65689	2.574
478.6	0.65073	2.475
478.7	0.64692	2.374
478.8	0.63886	2.274
478.9	0.63494	2.176
479.0	0.62386	2.074
479.1	0.61387	1.975
479.2	0.61032	2.526
479.3	0.60467	2.435
479.4	0.61012	3.282
479.5	0.61255	3.182
479.6	0.60879	3.084
479.7	0.61106	2.982
479.8	0.61451	2.877
479.9	0.61065	2.783
480.0	0.61062	2.682
480.1	0.60406	2.582
480.2	0.60804	2.483
480.3	0.60059	2.382
480.4	0.59273	2.285
480.5	0.59114	2.182
480.6	0.57913	2.082
480.7	0.57887	2.785
480.8	0.57207	2.678
480.9	0.56846	2.522
481.0	0.57121	2.467
481.1	0.56681	3.189
481.2	0.56771	3.090
481.3	0.56682	2.989
481.4	0.56965	2.890
481.5	0.57053	2.789
481.6	0.56662	2.690
481.7	0.56890	2.592
481.8	0.56386	2.490
481.9	0.55686	2.390
482.0	0.55539	2.290
482.1	0.55620	2.968
482.2	0.55530	2.886
482.3	0.55147	2.793
482.4	0.55397	2.665
482.5	0.55447	2.593
482.6	0.54727	2.494
482.7	0.54493	2.383
482.8	0.53750	2.290
482.9	0.53591	2.189
483.0	0.53146	2.093
483.1	0.52364	2.797
483.2	0.52004	2.698
483.3	0.52000	3.380
483.4	0.52023	3.299
483.5	0.52526	3.173
483.6	0.52616	3.101
483.7	0.52657	2.990
483.8	0.52447	2.869
483.9	0.52570	2.802
484.0	0.52877	2.680
484.1	0.52223	2.578
484.2	0.52047	2.502
484.3	0.51664	2.401
484.4	0.51245	2.301
484.5	0.51008	2.202
484.6	0.50110	2.102
484.7	0.49084	2.002
484.8	0.49052	3.503
484.9	0.49539	3.376
485.0	0.49618	3.300
485.1	0.49682	3.151
485.2	0.49856	3.088
485.3	0.49972	2.981
485.4	0.49829	2.865
485.5	0.50078	2.809
485.6	0.49527	2.709
485.7	0.49834	2.590
485.8	0.49522	2.509
485.9	0.49362	2.404
486.0	0.48764	2.309
486.1	0.48452	2.209
486.2	0.47771	2.109
486.3	0.46616	2.010
486.4	0.46840	2.562
486.5	0.46321	2.470
486.6	0.46119	3.294
486.7	0.46506	3.204
486.8	0.46308	3.081
486.9	0.46456	3.017
487.0	0.46640	2.916
487.1	0.46506	2.810
487.2	0.46309	2.716
487.3	0.46268	2.616
487.4	0.46202	2.516
487.5	0.45529	2.416
487.6	0.45509	2.316
487.7	0.45158	2.216
487.8	0.44507	2.116
487.9	0.44148	2.800
488.0	0.44002	2.722
488.1	0.44059	2.599
488.2	0.43505	2.502
488.3	0.43346	2.371
488.4	0.43422	2.317
488.5	0.42704	2.220
488.6	0.42485	2.924
488.7	0.42482	2.824
488.8	0.42472	2.724
488.9	0.42327	2.624
489.0	0.42364	2.524
489.1	0.41899	2.424
489.2	0.41503	2.327
489.3	0.41252	2.224
489.4	0.41037	2.927
489.5	0.41138	2.804
489.6	0.40862	2.719
489.7	0.40968	2.598
489.8	0.40820	2.528
489.9	0.40396	2.410
490.0	0.40252	2.315
490.1	0.39786	2.230
490.2	0.39500	2.931
490.3	0.39579	2.832
490.4	0.39720	2.732
490.5	0.39575	2.631
490.6	0.39666	3.249
490.7	0.39740	3.180
490.8	0.39915	3.125
490.9	0.39861	2.982
491.0	0.39894	2.914
491.1	0.39901	2.782
491.2	0.39802	2.713
491.3	0.39755	2.612
491.4	0.39511	2.506
491.5	0.39322	2.435
491.6	0.39143	2.335
491.7	0.38736	2.228
491.8	0.38084	2.135
491.9	0.37733	2.035
492.0	0.36870	1.935
492.1	0.36941	3.378
492.2	0.37125	3.323
492.3	0.37493	3.211
492.4	0.37408	3.132
492.5	0.37304	2.986
492.6	0.37603	2.944
492.7	0.37713	2.821
492.8	0.37436	2.735
492.9	0.37189	2.643
493.0	0.37317	2.543
493.1	0.36799	2.443
493.2	0.36679	2.340
493.3	0.36286	2.243
493.4	0.35940	2.143
493.5	0.35537	2.043
493.6	0.34858	1.943
493.7	0.34537	2.493
493.8	0.34377	3.354
493.9	0.34807	3.254
494.0	0.34717	3.140
494.1	0.34861	3.050
494.2	0.34552	2.951
494.3	0.34829	2.851
494.4	0.34885	2.750
494.5	0.34688	2.651
494.6	0.34323	2.551
494.7	0.34362	2.451
494.8	0.34243	2.351
494.9	0.33527	2.251
495.0	0.33443	2.150
495.1	0.33115	2.051
495.2	0.32584	2.728
495.3	0.32501	2.654
495.4	0.32528	2.547
495.5	0.32340	2.454
495.6	0.32373	3.160
495.7	0.32358	3.057
495.8	0.32421	2.958
495.9	0.32380	2.858
496.0	0.32364	2.758
496.1	0.32295	2.658
496.2	0.32197	2.558
496.3	0.32004	2.458
496.4	0.31614	2.358
496.5	0.31518	2.258
496.6	0.31202	2.158
496.7	0.31036	2.838
496.8	0.30898	2.763
496.9	0.30965	2.652
497.0	0.30716	2.562
497.1	0.30558	2.446
497.2	0.30233	2.362
497.3	0.30197	2.261
497.4	0.29758	2.966
497.5	0.29749	2.866
497.6	0.29745	2.766
497.7	0.29710	2.666
497.8	0.29535	2.566
497.9	0.29511	2.466
498.0	0.29190	2.366
498.1	0.28953	2.266
498.2	0.29081	2.964
498.3	0.28939	2.870
498.4	0.29012	2.770
498.5	0.28757	2.670
498.6	0.28759	2.571
498.7	0.28727	2.470
498.8	0.28336	2.370
498.9	0.28208	2.694
499.0	0.28081	2.613
499.1	0.27958	2.513
499.2	0.27908	3.504
499.3	0.28178	3.396
499.4	0.28186	3.325
499.5	0.28379	3.212
499.6	0.28352	3.144
499.7	0.28406	3.020
499.8	0.28572	2.972
499.9	0.28575	2.849
500.0	0.28452	2.777
500.1	0.28417	2.657
500.2	0.28367	2.565
500.3	0.28329	2.478
500.4	0.27890	2.377
500.5	0.27803	2.277
500.6	0.27546	2.177
500.7	0.27138	2.076
500.8	0.26520	1.977
500.9	0.26322	1.879
501.0	0.26203	3.356
501.1	0.26335	3.238
501.2	0.26440	3.185
501.3	0.26553	3.070
501.4	0.26507	2.968
501.5	0.26497	2.876
501.6	0.26485	2.756
501.7	0.26391	2.687
501.8	0.26393	2.585
501.9	0.26195	2.485
502.0	0.26084	2.385
502.1	0.25802	2.285
502.2	0.25583	2.185
502.3	0.25271	2.085
502.4	0.24834	1.985
502.5	0.24448	2.654
502.6	0.24388	2.590
502.7	0.24341	2.481
502.8	0.24350	3.185
502.9	0.24261	3.091
503.0	0.24355	2.992
503.1	0.24286	2.893
503.2	0.24265	2.792
503.3	0.24292	2.693
503.4	0.24191	2.592
503.5	0.24092	2.492
503.6	0.23759	2.393
503.7	0.23589	2.293
503.8	0.23678	2.973
503.9	0.23709	2.857
504.0	0.23705	2.741
504.1	0.23560	2.666
504.2	0.23466	2.547
504.3	0.23437	2.492
504.4	0.23163	2.384
504.5	0.23110	2.296
504.6	0.22716	2.196
504.7	0.22546	2.096
504.8	0.22353	2.800
504.9	0.22423	2.701
505.0	0.22395	2.600
505.1	0.22193	2.500
505.2	0.22149	2.401
505.3	0.22071	3.065
505.4	0.22095	2.948
505.5	0.22230	2.906
505.6	0.22188	2.786
505.7	0.22107	2.690
505.8	0.22008	2.597
505.9	0.21900	2.504
506.0	0.21809	2.404
506.1	0.21603	2.304
506.2	0.21437	2.204
506.3	0.21137	2.104
506.4	0.20871	2.004
506.5	0.20734	2.711
506.6	0.20703	2.608
506.7	0.20634	3.295
506.8	0.20747	3.212
506.9	0.20788	3.112
507.0	0.20842	3.012
507.1	0.20755	2.912
507.2	0.20721	2.812
507.3	0.20769	2.714
507.4	0.20806	2.612
507.5	0.20623	2.512
507.6	0.20465	2.411
507.7	0.20254	2.311
507.8	0.20133	2.212
507.9	0.19886	2.112
508.0	0.19749	2.634
508.1	0.19604	2.544
508.2	0.19491	2.444
508.3	0.19440	3.319
508.4	0.19522	3.219
508.5	0.19556	3.120
508.6	0.19621	3.019
508.7	0.19659	2.919
508.8	0.19634	2.819
508.9	0.19655	2.720
509.0	0.19516	2.619
509.1	0.19437	2.519
509.2	0.19292	2.420
509.3	0.19209	2.319
509.4	0.19070	2.219
509.5	0.18734	2.120
509.6	0.18643	2.804
509.7	0.18636	2.694
509.8	0.18536	2.574
509.9	0.18504	2.520
510.0	0.18374	2.423
510.1	0.18357	3.107
510.2	0.18362	3.020
510.3	0.18355	2.928
510.4	0.18432	2.828
510.5	0.18435	2.727
510.6	0.18281	2.627
510.7	0.18221	2.527
510.8	0.18145	2.421
510.9	0.17920	2.327
511.0	0.17780	2.227
511.1	0.17821	2.901
511.2	0.17736	2.831
511.3	0.17693	2.716
511.4	0.17633	2.626
511.5	0.17603	2.519
511.6	0.17511	2.431
511.7	0.17425	2.325
511.8	0.17120	2.231
511.9	0.16999	2.132
512.0	0.17019	2.834
512.1	0.16971	2.734
512.2	0.16860	2.636
512.3	0.16822	2.531
512.4	0.16680	2.435
512.5	0.16533	3.112
512.6	0.16615	3.038
512.7	0.16616	2.924
512.8	0.16561	2.804
512.9	0.16527	2.738
513.0	0.16548	2.639
513.1	0.16435	2.523
513.2	0.16348	2.435
513.3	0.16292	2.338
513.4	0.16132	2.239
513.5	0.15912	2.138
513.6	0.15686	2.842
513.7	0.15677	2.742
513.8	0.15732	3.419
513.9	0.15756	3.297
514.0	0.15840	3.218
514.1	0.15861	3.133
514.2	0.15903	3.023
514.3	0.15927	2.913
514.4	0.15910	2.846
514.5	0.15918	2.747
514.6	0.15877	2.646
514.7	0.15740	2.546
514.8	0.15703	2.446
514.9	0.15601	2.346
515.0	0.15467	2.246
515.1	0.15281	2.146
515.2	0.15063	2.046
515.3	0.14898	1.947
515.4	0.14633	2.469
515.5	0.14667	3.339
515.6	0.14750	3.253
515.7	0.14726	3.139
515.8	0.14748	3.054
515.9	0.14763	2.953
516.0	0.14780	2.854
516.1	0.14813	2.754
516.2	0.14772	2.654
516.3	0.14731	2.554
516.4	0.14684	2.454
516.5	0.14490	2.354
516.6	0.14414	2.255
516.7	0.14214	2.153
516.8	0.13987	2.054
516.9	0.13928	2.751
517.0	0.13944	2.651
517.1	0.13924	2.547
517.2	0.13760	2.422
517.3	0.13673	2.359
517.4	0.13577	2.255
517.5	0.13526	2.961
517.6	0.13567	2.862
517.7	0.13472	2.762
517.8	0.13452	2.661
517.9	0.13480	3.216
518.0	0.13516	3.167
518.1	0.13535	3.054
518.2	0.13578	2.951
518.3	0.13585	2.843
518.4	0.13613	2.793
518.5	0.13543	2.728
518.6	0.13492	2.616
518.7	0.13450	2.510
518.8	0.13401	2.451
518.9	0.13262	2.334
519.0	0.13138	2.224
519.1	0.13047	2.165
519.2	0.12838	2.065
519.3	0.12695	1.965
519.4	0.12549	3.412
519.5	0.12596	3.300
519.6	0.12647	3.193
519.7	0.12714	3.092
519.8	0.12664	3.022
519.9	0.12695	2.973
520.0	0.12722	2.871
520.1	0.12736	2.768
520.2	0.12646	2.669
520.3	0.12623	2.565
520.4	0.12568	2.458
520.5	0.12490	2.373
520.6	0.12401	2.269
520.7	0.12178	2.173
520.8	0.12053	2.072
520.9	0.11900	1.974
521.0	0.11711	1.872
521.1	0.11780	3.381
521.2	0.11805	3.268
521.3	0.11871	3.167
521.4	0.11913	3.063
521.5	0.11958	2.962
521.6	0.11886	2.836
521.7	0.11881	2.780
521.8	0.11897	2.682
521.9	0.11881	2.581
522.0	0.11828	2.480
522.1	0.11696	2.377
522.2	0.11607	2.280
522.3	0.11518	2.180
522.4	0.11353	2.078
522.5	0.11208	2.576
522.6	0.11114	2.493
522.7	0.11170	3.389
522.8	0.11242	3.288
522.9	0.11304	3.188
523.0	0.11313	3.076
523.1	0.11303	2.987
523.2	0.11327	2.884
523.3	0.11318	2.788
523.4	0.11303	2.688
523.5	0.11240	2.584
523.6	0.11165	2.488
523.7	0.11089	2.388
523.8	0.11011	2.288
523.9	0.10912	2.188
524.0	0.10781	2.088
524.1	0.10646	1.988
524.2	0.10602	2.677
524.3	0.10516	2.579
524.4	0.10465	2.473
524.5	0.10414	2.392
524.6	0.10361	2.292
524.7	0.10309	2.996
524.8	0.10302	2.895
524.9	0.10293	2.797
525.0	0.10294	2.696
525.1	0.10290	2.597
525.2	0.10233	2.496
525.3	0.10180	2.395
525.4	0.10142	3.079
525.5	0.10114	2.960
525.6	0.10120	2.855
525.7	0.10124	2.752
525.8	0.10120	2.652
525.9	0.10071	2.589
526.0	0.10030	2.484
526.1	0.09961	2.377
526.2	0.09878	2.270
526.3	0.09764	2.201
526.4	0.09657	2.099
526.5	0.09538	1.996
526.6	0.09524	3.343
526.7	0.09559	3.294
526.8	0.09602	3.191
526.9	0.09640	3.147
527.0	0.09650	3.038
527.1	0.09653	2.930
527.2	0.09653	2.825
527.3	0.09644	2.769
527.4	0.09639	2.668
527.5	0.09599	2.608
527.6	0.09576	2.507
527.7	0.09511	2.401
527.8	0.09403	2.306
527.9	0.09327	2.204
528.0	0.09203	2.106
528.1	0.09096	2.007
528.2	0.08943	1.906
528.3	0.08973	3.385
528.4	0.09026	3.285
528.5	0.09033	3.171
528.6	0.09061	3.068
528.7	0.09081	2.990
528.8	0.09080	2.910
528.9	0.09087	2.808
529.0	0.09078	2.704
529.1	0.09063	2.603
529.2	0.08965	2.515
529.3	0.08905	2.415
529.4	0.08845	2.315
529.5	0.08782	2.215
529.6	0.08699	2.115
529.7	0.08552	2.015
529.8	0.08415	1.915
529.9	0.08379	3.396
530.0	0.08427	3.323
530.1	0.08470	3.222
530.2	0.08469	3.108
530.3	0.08499	3.009
530.4	0.08503	2.903
530.5	0.08502	2.823
530.6	0.08500	2.723
530.7	0.08475	2.619
530.8	0.08402	2.522
530.9	0.08357	2.422
531.0	0.08254	2.322
531.1	0.08191	2.222
531.2	0.08114	2.124
531.3	0.08023	2.024
531.4	0.07920	1.925
531.5	0.07835	3.411
531.6	0.07861	3.329
531.7	0.07896	3.227
531.8	0.07919	3.123
531.9	0.07941	3.021
532.0	0.07945	2.930
532.1	0.07929	2.830
532.2	0.07931	2.730
532.3	0.07912	2.630
532.4	0.07873	2.530
532.5	0.07840	2.430
532.6	0.07782	2.330
532.7	0.07697	2.230
532.8	0.07590	2.130
532.9	0.07482	2.030
533.0	0.07449	2.734
533.1	0.07437	2.633
533.2	0.07397	2.529
533.3	0.07348	2.434
533.4	0.07306	2.334
533.5	0.07233	2.234
533.6	0.07207	2.938
533.7	0.07215	2.837
533.8	0.07215	2.737
533.9	0.07194	2.637
534.0	0.07208	3.252
534.1	0.07220	3.144
534.2	0.07241	3.042
534.3	0.07253	2.992
534.4	0.07263	2.943
534.5	0.07269	2.842
534.6	0.07265	2.741
534.7	0.07215	2.626
534.8	0.07190	2.524
534.9	0.07154	2.441
535.0	0.07109	2.341
535.1	0.07026	2.231
535.2	0.06945	2.136
535.3	0.06869	2.041
535.4	0.06754	1.940
535.5	0.06663	3.402
535.6	0.06694	3.299
535.7	0.06720	3.196
535.8	0.06745	3.151
535.9	0.06765	3.050
536.0	0.06781	2.952
536.1	0.06784	2.849
536.2	0.06786	2.750
536.3	0.06773	2.649
536.4	0.06755	2.549
536.5	0.06711	2.443
536.6	0.06646	2.349
536.7	0.06595	2.249
536.8	0.06531	2.149
536.9	0.06421	2.049
537.0	0.06382	2.540
537.1	0.06365	3.427
537.2	0.06394	3.324
537.3	0.06424	3.224
537.4	0.06435	3.117
537.5	0.06452	3.041
537.6	0.06462	2.939
537.7	0.06466	2.838
537.8	0.06455	2.757
537.9	0.06445	2.656
538.0	0.06429	2.557
538.1	0.06392	2.454
538.2	0.06338	2.348
538.3	0.06261	2.256
538.4	0.06205	2.156
538.5	0.06127	2.057
538.6	0.06020	1.957
538.7	0.05914	1.856
538.8	0.05895	3.345
538.9	0.05926	3.247
539.0	0.05939	3.141
539.1	0.05955	3.041
539.2	0.05963	2.939
539.3	0.05967	2.864
539.4	0.05963	2.763
539.5	0.05938	2.664
539.6	0.05920	2.564
539.7	0.05888	2.464
539.8	0.05841	2.364
539.9	0.05798	2.265
540.0	0.05740	2.165
540.1	0.05675	2.064
540.2	0.05622	2.768
540.3	0.05615	2.669
540.4	0.05596	2.568
540.5	0.05571	2.468
540.6	0.05528	2.364
540.7	0.05489	2.265
540.8	0.05428	2.972
540.9	0.05433	2.872
541.0	0.05400	2.772
541.1	0.05392	2.672
541.2	0.05350	2.572
541.3	0.05343	3.252
541.4	0.05360	3.150
541.5	0.05372	3.048
541.6	0.05379	2.946
541.7	0.05383	2.847
541.8	0.05385	2.749
541.9	0.05361	2.676
542.0	0.05342	2.576
542.1	0.05315	2.476
542.2	0.05286	2.375
542.3	0.05246	2.275
542.4	0.05185	2.177
542.5	0.05127	2.077
542.6	0.05057	1.977
542.7	0.05045	2.679
542.8	0.05028	2.580
542.9	0.05033	3.284
543.0	0.05054	3.184
543.1	0.05068	3.084
543.2	0.05068	2.979
543.3	0.05067	2.875
543.4	0.05066	2.776
543.5	0.05054	2.676
543.6	0.05037	2.583
543.7	0.05020	2.483
543.8	0.04983	2.383
543.9	0.04941	2.283
544.0	0.04866	2.183
544.1	0.04809	2.083
544.2	0.04745	1.983
544.3	0.04736	3.492
544.4	0.04766	3.393
544.5	0.04785	3.291
544.6	0.04807	3.192
544.7	0.04821	3.091
544.8	0.04833	2.994
544.9	0.04839	2.893
545.0	0.04836	2.793
545.1	0.04826	2.692
545.2	0.04815	2.592
545.3	0.04794	2.491
545.4	0.04767	2.392
545.5	0.04728	2.290
545.6	0.04684	2.190
545.7	0.04618	2.091
545.8	0.04555	1.991
545.9	0.04470	1.891
546.0	0.04461	3.347
546.1	0.04476	3.244
546.2	0.04495	3.146
546.3	0.04509	3.100
546.4	0.04517	2.999
546.5	0.04513	2.896
546.6	0.04510	2.795
546.7	0.04504	2.695
546.8	0.04489	2.598
546.9	0.04466	2.498
547.0	0.04440	2.399
547.1	0.04409	2.299
547.2	0.04350	2.199
547.3	0.04301	2.099
547.4	0.04280	2.794
547.5	0.04276	2.695
547.6	0.04266	2.597
547.7	0.04248	2.496
547.8	0.04217	2.393
547.9	0.04186	2.293
548.0	0.04140	2.190
548.1	0.04134	2.894
548.2	0.04126	2.801
548.3	0.04121	2.703
548.4	0.04112	2.604
548.5	0.04097	2.506
548.6	0.04073	2.406
548.7	0.04024	3.098
548.8	0.04026	2.994
548.9	0.04030	2.895
549.0	0.04031	2.797
549.1	0.04026	2.697
549.2	0.04017	2.599
549.3	0.04002	2.510
549.4	0.03980	2.410
549.5	0.03944	2.310
549.6	0.03906	2.210
549.7	0.03858	2.110
549.8	0.03808	2.010
549.9	0.03786	3.496
550.0	0.03804	3.394
550.1	0.03817	3.290
550.2	0.03835	3.193
550.3	0.03841	3.089
550.4	0.03851	2.991
550.5	0.03850	2.889
550.6	0.03848	2.789
550.7	0.03844	2.718
550.8	0.03831	2.618
550.9	0.03817	2.517
551.0	0.03796	2.417
551.1	0.03758	2.317
551.2	0.03725	2.218
551.3	0.03681	2.117
551.4	0.03631	2.018
551.5	0.03568	1.917
551.6	0.03527	3.425
551.7	0.03544	3.325
551.8	0.03559	3.225
551.9	0.03571	3.125
552.0	0.03578	3.025
552.1	0.03582	2.925
552.2	0.03577	2.825
552.3	0.03573	2.727
552.4	0.03562	2.626
552.5	0.03548	2.525
552.6	0.03530	2.426
552.7	0.03503	2.326
552.8	0.03472	2.226
552.9	0.03431	2.125
553.0	0.03391	2.776
553.1	0.03383	2.676
553.2	0.03375	2.598
553.3	0.03360	2.499
553.4	0.03336	2.396
553.5	0.03325	3.133
553.6	0.03332	3.033
553.7	0.03338	2.933
553.8	0.03339	2.833
553.9	0.03338	2.733
554.0	0.03330	2.633
554.1	0.03306	2.533
554.2	0.03291	2.433
554.3	0.03269	2.333
554.4	0.03235	2.233
554.5	0.03221	2.925
554.6	0.03217	2.823
554.7	0.03208	2.719
554.8	0.03186	2.629
554.9	0.03174	2.530
555.0	0.03157	2.431
555.1	0.03132	2.329
555.2	0.03105	2.230
555.3	0.03079	2.941
555.4	0.03079	2.841
555.5	0.03076	2.740
555.6	0.03070	2.640
555.7	0.03060	3.301
555.8	0.03066	3.196
555.9	0.03076	3.098
556.0	0.03083	3.000
556.1	0.03086	2.901
556.2	0.03087	2.803
556.3	0.03080	2.723
556.4	0.03071	2.645
556.5	0.03060	2.545
556.6	0.03043	2.444
556.7	0.03022	2.344
556.8	0.02996	2.244
556.9	0.02961	2.145
557.0	0.02919	2.043
557.1	0.02875	1.944
557.2	0.02860	2.648
557.3	0.02858	3.303
557.4	0.02872	3.232
557.5	0.02882	3.134
557.6	0.02885	3.031
557.7	0.02890	2.934
557.8	0.02889	2.834
557.9	0.02885	2.752
558.0	0.02880	2.652
558.1	0.02869	2.552
558.2	0.02853	2.452
558.3	0.02831	2.352
558.4	0.02805	2.252
558.5	0.02777	2.152
558.6	0.02743	2.052
558.7	0.02698	1.952
558.8	0.02674	2.417
558.9	0.02652	2.317
559.0	0.02656	3.230
559.1	0.02666	3.133
559.2	0.02672	3.034
559.3	0.02674	2.959
559.4	0.02676	2.860
559.5	0.02669	2.760
559.6	0.02663	2.660
559.7	0.02652	2.560
559.8	0.02639	2.460
559.9	0.02622	2.360
560.0	0.02598	2.260
560.1	0.02583	2.884
560.2	0.02581	2.785
560.3	0.02577	2.686
560.4	0.02568	2.586
560.5	0.02556	2.507
560.6	0.02542	2.408
560.7	0.02523	2.309
560.8	0.02516	3.060
560.9	0.02522	2.963
561.0	0.02520	2.862
561.1	0.02521	2.767
561.2	0.02511	2.667
561.3	0.02494	2.567
561.4	0.02480	2.467
561.5	0.02464	2.367
561.6	0.02448	3.030
561.7	0.02451	2.931
561.8	0.02450	2.832
561.9	0.02448	2.733
562.0	0.02442	2.635
562.1	0.02432	2.535
562.2	0.02419	2.437
562.3	0.02402	2.356
562.4	0.02383	2.258
562.5	0.02356	2.157
562.6	0.02325	2.071
562.7	0.02301	2.775
562.8	0.02297	2.675
562.9	0.02287	2.575
563.0	0.02275	2.475
563.1	0.02282	3.129
563.2	0.02286	3.030
563.3	0.02290	2.956
563.4	0.02291	2.857
563.5	0.02289	2.759
563.6	0.02282	2.679
563.7	0.02277	2.562
563.8	0.02265	2.463
563.9	0.02250	2.364
564.0	0.02229	2.279
564.1	0.02208	2.179
564.2	0.02183	2.079
564.3	0.02151	3.499
564.4	0.02164	3.402
564.5	0.02175	3.304
564.6	0.02182	3.204
564.7	0.02188	3.156
564.8	0.02191	3.055
564.9	0.02193	2.955
565.0	0.02194	2.857
565.1	0.02191	2.757
565.2	0.02187	2.659
565.3	0.02179	2.561
565.4	0.02169	2.462
565.5	0.02155	2.386
565.6	0.02137	2.286
565.7	0.02116	2.186
565.8	0.02091	2.086
565.9	0.02061	1.986
566.0	0.02026	1.886
566.1	0.02031	3.359
566.2	0.02039	3.259
566.3	0.02046	3.161
566.4	0.02050	3.061
566.5	0.02051	2.959
566.6	0.02050	2.894
566.7	0.02050	2.794
566.8	0.02048	2.691
566.9	0.02042	2.594
567.0	0.02031	2.494
567.1	0.02019	2.394
567.2	0.02003	2.294
567.3	0.01983	2.194
567.4	0.01960	2.094
567.5	0.01933	1.994
567.6	0.01919	2.632
567.7	0.01911	2.532
567.8	0.01901	2.435
567.9	0.01892	3.201
568.0	0.01897	3.101
568.1	0.01902	3.001
568.2	0.01904	2.902
568.3	0.01903	2.801
568.4	0.01900	2.701
568.5	0.01894	2.602
568.6	0.01884	2.501
568.7	0.01873	2.402
568.8	0.01873	2.945
568.9	0.01873	2.846
569.0	0.01872	2.794
569.1	0.01868	2.742
569.2	0.01863	2.644
569.3	0.01856	2.545
569.4	0.01845	2.445
569.5	0.01832	2.346
569.6	0.01817	2.286
569.7	0.01798	2.186
569.8	0.01777	2.087
569.9	0.01751	1.988
570.0	0.01732	2.709
570.1	0.01727	2.609
570.2	0.01730	3.225
570.3	0.01736	3.127
570.4	0.01740	3.029
570.5	0.01741	2.930
570.6	0.01741	2.879
570.7	0.01740	2.781
570.8	0.01737	2.682
570.9	0.01728	2.580
571.0	0.01720	2.482
571.1	0.01709	2.383
571.2	0.01695	2.284
571.3	0.01678	2.213
571.4	0.01659	2.113
571.5	0.01636	2.013
571.6	0.01610	1.913
571.7	0.01614	3.385
571.8	0.01618	3.281
571.9	0.01626	3.186
572.0	0.01629	3.087
572.1	0.01633	2.991
572.2	0.01635	2.894
572.3	0.01634	2.796
572.4	0.01631	2.697
572.5	0.01626	2.600
572.6	0.01618	2.500
572.7	0.01609	2.402
572.8	0.01592	2.318
572.9	0.01580	2.221
573.0	0.01561	2.121
573.1	0.01539	2.021
573.2	0.01521	3.474
573.3	0.01529	3.376
573.4	0.01537	3.281
573.5	0.01540	3.178
573.6	0.01545	3.105
573.7	0.01548	3.008
573.8	0.01551	2.912
573.9	0.01551	2.815
574.0	0.01548	2.717
574.1	0.01544	2.628
574.2	0.01537	2.528
574.3	0.01528	2.428
574.4	0.01516	2.328
574.5	0.01502	2.228
574.6	0.01486	2.128
574.7	0.01467	2.028
574.8	0.01444	1.928
574.9	0.01417	1.828
575.0	0.01419	3.296
575.1	0.01424	3.198
575.2	0.01428	3.099
575.3	0.01434	3.008
575.4	0.01436	2.936
575.5	0.01434	2.836
575.6	0.01432	2.736
575.7	0.01429	2.636
575.8	0.01423	2.536
575.9	0.01415	2.436
576.0	0.01404	2.336
576.1	0.01391	2.236
576.2	0.01377	2.136
576.3	0.01358	2.036
576.4	0.01349	2.736
576.5	0.01346	2.639
576.6	0.01341	2.540
576.7	0.01333	2.440
576.8	0.01323	2.340
576.9	0.01315	3.043
577.0	0.01315	2.944
577.1	0.01316	2.843
577.2	0.01315	2.744
577.3	0.01312	2.644
577.4	0.01307	2.544
577.5	0.01300	2.444
577.6	0.01291	2.344
577.7	0.01279	2.244
577.8	0.01265	2.144
577.9	0.01261	2.832
578.0	0.01260	2.734
578.1	0.01256	2.636
578.2	0.01251	2.539
578.3	0.01245	2.443
578.4	0.01237	2.347
578.5	0.01229	3.052
578.6	0.01231	2.951
578.7	0.01231	2.851
578.8	0.01230	3.444
578.9	0.01236	3.344
579.0	0.01240	3.245
579.1	0.01245	3.148
579.2	0.01249	3.104
579.3	0.01252	3.007
579.4	0.01252	2.908
579.5	0.01251	2.808
579.6	0.01249	2.710
579.7	0.01245	2.612
579.8	0.01240	2.556
579.9	0.01232	2.455
580.0	0.01223	2.355
580.1	0.01212	2.255
580.2	0.01199	2.155
580.3	0.01184	2.055
580.4	0.01166	1.955
580.5	0.01152	3.451
580.6	0.01158	3.354
580.7	0.01163	3.256
580.8	0.01168	3.160
580.9	0.01171	3.063
581.0	0.01172	2.964
581.1	0.01171	2.863
581.2	0.01170	2.765
581.3	0.01166	2.663
581.4	0.01161	2.563
581.5	0.01155	2.463
581.6	0.01146	2.363
581.7	0.01136	2.264
581.8	0.01123	2.163
581.9	0.01109	2.065
582.0	0.01091	1.964
582.1	0.01071	1.862
582.2	0.01060	3.340
582.3	0.01066	3.247
582.4	0.01070	3.150
582.5	0.01074	3.056
582.6	0.01076	2.961
582.7	0.01075	2.859
582.8	0.01074	2.763
582.9	0.01072	2.664
583.0	0.01067	2.565
583.1	0.01062	2.467
583.2	0.01056	2.370
583.3	0.01047	2.271
583.4	0.01036	2.901
583.5	0.01036	2.849
583.6	0.01034	2.751
583.7	0.01032	2.652
583.8	0.01027	2.554
583.9	0.01022	2.456
584.0	0.01015	2.358
584.1	0.01007	2.260
584.2	0.00996	2.163
584.3	0.00995	2.878
584.4	0.00995	2.778
584.5	0.00993	2.678
584.6	0.00990	2.578
584.7	0.00985	2.478
584.8	0.00979	2.378
584.9	0.00970	2.278
585.0	0.00968	2.948
585.1	0.00968	2.850
585.2	0.00967	2.752
585.3	0.00964	2.653
585.4	0.00961	2.582
585.5	0.00956	2.482
585.6	0.00949	2.382
585.7	0.00943	2.282
585.8	0.00934	2.182
585.9	0.00923	2.082
586.0	0.00921	2.785
586.1	0.00920	2.685
586.2	0.00917	2.586
586.3	0.00913	2.486
586.4	0.00908	3.166
586.5	0.00911	3.071
586.6	0.00913	2.975
586.7	0.00913	2.878
586.8	0.00913	2.781
586.9	0.00912	2.684
587.0	0.00909	2.586
587.1	0.00905	2.489
587.2	0.00899	2.390
587.3	0.00891	2.290
587.4	0.00882	2.190
587.5	0.00871	2.090
587.6	0.00858	1.990
587.7	0.00849	3.474
587.8	0.00854	3.397
587.9	0.00859	3.285
588.0	0.00864	3.196
588.1	0.00866	3.097
588.2	0.00868	2.997
588.3	0.00868	2.897
588.4	0.00868	2.797
588.5	0.00866	2.697
588.6	0.00863	2.597
588.7	0.00859	2.497
588.8	0.00853	2.397
588.9	0.00846	2.297
589.0	0.00837	2.197
589.1	0.00827	2.097
589.2	0.00815	1.997
589.3	0.00812	2.622
589.4	0.00808	2.522
589.5	0.00803	2.422
589.6	0.00799	3.205
589.7	0.00801	3.105
589.8	0.00803	3.004
589.9	0.00804	2.905
590.0	0.00804	2.805
590.1	0.00802	2.704
590.2	0.00800	2.604
590.3	0.00796	2.505
590.4	0.00791	2.405
590.5	0.00785	2.305
590.6	0.00778	2.952
590.7	0.00778	2.901
590.8	0.00777	2.802
590.9	0.00776	2.704
591.0	0.00773	2.605
591.1	0.00770	2.508
591.2	0.00766	2.393
591.3	0.00762	2.299
591.4	0.00754	2.201
591.5	0.00754	2.910
591.6	0.00754	2.813
591.7	0.00753	2.712
591.8	0.00750	2.612
591.9	0.00746	2.513
592.0	0.00741	2.412
592.1	0.00742	3.063
592.2	0.00743	3.015
592.3	0.00743	2.917
592.4	0.00743	2.816
592.5	0.00741	2.717
592.6	0.00739	2.616
592.7	0.00735	2.516
592.8	0.00731	2.416
592.9	0.00725	2.316
593.0	0.00718	2.216
593.1	0.00709	2.116
593.2	0.00699	2.016
593.3	0.00694	2.720
593.4	0.00691	2.621
593.5	0.00689	3.309
593.6	0.00692	3.213
593.7	0.00694	3.115
593.8	0.00695	3.017
593.9	0.00695	2.919
594.0	0.00695	2.823
594.1	0.00694	2.724
594.2	0.00692	2.624
594.3	0.00689	2.524
594.4	0.00684	2.425
594.5	0.00678	2.324
594.6	0.00672	2.224
594.7	0.00664	2.124
594.8	0.00655	2.024
594.9	0.00644	1.924
595.0	0.00640	3.430
595.1	0.00644	3.332
595.2	0.00646	3.232
595.3	0.00648	3.131
595.4	0.00649	3.031
595.5	0.00650	2.931
595.6	0.00650	2.831
595.7	0.00649	2.731
595.8	0.00648	2.631
595.9	0.00645	2.531
596.0	0.00641	2.431
596.1	0.00636	2.332
596.2	0.00630	2.234
596.3	0.00622	2.132
596.4	0.00614	2.033
596.5	0.00604	1.934
596.6	0.00602	3.439
596.7	0.00605	3.339
596.8	0.00608	3.239
596.9	0.00610	3.139
597.0	0.00611	3.039
597.1	0.00612	2.939
597.2	0.00611	2.839
597.3	0.00610	2.739
597.4	0.00609	2.640
597.5	0.00606	2.539
597.6	0.00602	2.439
597.7	0.00598	2.339
597.8	0.00592	2.239
597.9	0.00592	2.843
598.0	0.00591	2.744
598.1	0.00590	2.739
598.2	0.00589	2.643
598.3	0.00586	2.543
598.4	0.00582	2.443
598.5	0.00578	2.344
598.6	0.00572	2.208
598.7	0.00566	2.143
598.8	0.00559	2.847
598.9	0.00558	2.746
599.0	0.00556	2.647
599.1	0.00554	2.547
599.2	0.00553	3.251
599.3	0.00554	3.150
599.4	0.00556	3.001
599.5	0.00556	2.906
599.6	0.00556	2.808
599.7	0.00555	2.710
599.8	0.00553	2.612
599.9	0.00551	2.514