300.0	258.09837	3.089
300.1	258.37407	3.021
300.2	255.27113	2.913
300.3	250.57084	2.790
300.4	245.09971	2.660
300.5	242.41557	3.307
300.6	243.39531	3.185
300.7	240.87947	3.152
300.8	238.42551	3.053
300.9	235.83420	3.020
301.0	235.12494	2.946
301.1	232.19465	2.844
301.2	229.57481	2.748
301.3	225.45522	2.699
301.4	221.46887	2.651
301.5	217.18000	2.600
301.6	213.65614	2.498
301.7	208.88233	2.384
301.8	205.28816	2.285
301.9	204.06646	2.215
302.0	200.26503	2.788
302.1	197.51875	2.695
302.2	194.85643	2.604
302.3	196.95869	5.498
302.4	199.03539	5.389
302.5	200.93436	5.327
302.6	204.30429	5.245
302.7	206.54475	5.187
302.8	208.20114	5.053
302.9	212.00094	5.086
303.0	213.17751	4.995
303.1	215.79943	4.935
303.2	217.32651	4.849
303.3	218.81190	4.759
303.4	220.91283	4.681
303.5	221.95008	4.579
303.6	223.44657	4.485
303.7	225.68932	4.404
303.8	226.39158	4.291
303.9	226.44425	4.165
304.0	227.78458	4.126
304.1	229.66602	3.967
304.2	230.82281	4.633
304.3	232.01534	4.592
304.4	233.16686	4.484
304.5	233.77908	4.431
304.6	234.67338	4.316
304.7	235.64167	4.268
304.8	236.61796	4.154
304.9	237.19947	4.098
305.0	237.91061	3.977
305.1	238.00677	3.912
305.2	238.98554	3.861
305.3	239.61086	3.804
305.4	238.35025	3.651
305.5	238.58817	3.588
305.6	235.06688	3.470
305.7	235.36815	3.408
305.8	233.98521	3.323
305.9	232.46972	3.886
306.0	232.32411	3.819
306.1	232.91909	3.763
306.2	232.09893	3.685
306.3	232.80790	3.566
306.4	230.55508	3.532
306.5	230.92637	3.409
306.6	228.57839	3.374
306.7	228.94652	3.315
306.8	225.74452	3.206
306.9	226.05946	3.147
307.0	222.52971	3.098
307.1	222.64174	3.846
307.2	224.61171	3.755
307.3	222.57653	3.721
307.4	222.71795	3.598
307.5	222.55122	3.534
307.6	221.72193	3.459
307.7	219.81502	3.367
307.8	220.25630	3.313
307.9	218.33438	3.162
308.0	215.27306	3.057
308.1	212.58315	2.960
308.2	211.47981	2.885
308.3	211.17457	3.530
308.4	211.14075	3.470
308.5	211.57757	3.359
308.6	210.11650	3.277
308.7	209.96677	3.217
308.8	208.59620	3.137
308.9	206.15972	3.043
309.0	203.74081	3.007
309.1	202.10128	2.927
309.2	200.92265	2.854
309.3	197.69929	2.753
309.4	196.82355	2.685
309.5	194.11965	2.594
309.6	191.73337	2.455
309.7	187.80236	2.353
309.8	184.41171	2.980
309.9	183.22980	2.909
310.0	181.53395	2.832
310.1	180.70821	2.768
310.2	178.21372	2.680
310.3	175.96639	2.597
310.4	172.98200	2.553
310.5	170.39368	2.468
310.6	171.52659	5.318
310.7	173.84381	5.195
310.8	175.81736	5.105
310.9	179.24077	5.155
311.0	180.97033	5.103
311.1	182.63788	4.996
311.2	184.29872	4.886
311.3	185.54104	4.763
311.4	188.21000	4.674
311.5	189.66716	4.550
311.6	191.40716	4.485
311.7	192.20495	4.396
311.8	194.56855	4.940
311.9	194.81014	4.892
312.0	196.77813	4.776
312.1	198.06053	4.696
312.2	199.68864	4.623
312.3	201.29183	4.547
312.4	201.71825	4.444
312.5	203.65564	4.373
312.6	205.30109	4.293
312.7	205.85471	4.247
312.8	206.52200	4.145
312.9	206.85297	4.094
313.0	208.01063	4.000
313.1	209.12091	3.905
313.2	209.00959	3.844
313.3	210.29072	3.750
313.4	209.25351	3.673
313.5	209.17824	3.555
313.6	209.31390	3.499
313.7	208.87359	3.375
313.8	207.80076	3.299
313.9	205.49054	3.205
314.0	204.56091	3.077
314.1	204.01879	3.753
314.2	205.58375	3.666
314.3	204.34579	3.587
314.4	204.74936	3.537
314.5	202.63104	3.444
314.6	202.42623	3.384
314.7	203.12569	3.282
314.8	202.01759	3.208
314.9	200.95006	3.135
315.0	198.87467	3.047
315.1	197.37314	2.968
315.2	195.61194	2.887
315.3	194.74541	2.766
315.4	190.74607	2.656
315.5	189.60503	2.587
315.6	186.93462	3.229
315.7	185.61899	3.155
315.8	185.69287	3.052
315.9	185.48397	2.997
316.0	184.08852	2.923
316.1	181.53386	2.832
316.2	180.75411	2.769
316.3	178.44626	2.684
316.4	175.65750	2.642
316.5	175.40524	3.472
316.6	174.50451	3.405
316.7	173.16675	3.330
316.8	173.75762	3.245
316.9	172.85484	3.131
317.0	171.61847	3.061
317.1	171.91847	2.970
317.2	170.07207	2.890
317.3	168.48044	2.769
317.4	166.43582	2.689
317.5	163.58748	2.552
317.6	163.28367	3.232
317.7	162.83488	3.132
317.8	161.55524	3.062
317.9	160.25641	2.992
318.0	158.87529	2.922
318.1	158.89052	2.834
318.2	157.55863	2.766
318.3	155.80948	2.692
318.4	153.06572	2.644
318.5	151.73585	2.536
318.6	153.46019	5.103
318.7	155.38696	5.036
318.8	156.95761	4.954
318.9	158.89697	4.971
319.0	160.10629	4.964
319.1	161.58215	4.873
319.2	160.97432	4.991
319.3	163.31335	4.880
319.4	164.75988	4.784
319.5	166.06238	5.149
319.6	168.51323	5.035
319.7	170.19369	4.942
319.8	172.21454	4.856
319.9	173.12086	4.930
320.0	174.74153	4.829
320.1	176.83550	4.788
320.2	178.10780	4.672
320.3	180.33033	4.579
320.4	181.76975	4.514
320.5	183.06592	4.443
320.6	183.67833	4.355
320.7	184.61484	4.274
320.8	185.42731	4.189
320.9	186.81081	4.115
321.0	187.84521	4.033
321.1	188.12878	3.934
321.2	188.55028	3.890
321.3	188.40363	3.781
321.4	189.81669	3.704
321.5	189.53147	3.592
321.6	190.03375	3.495
321.7	189.83954	3.386
321.8	188.38496	3.307
321.9	187.59376	3.870
322.0	187.40637	3.761
322.1	187.78812	3.717
322.2	187.86690	3.613
322.3	187.21688	3.548
322.4	187.25542	3.497
322.5	188.30461	3.411
322.6	188.13967	3.303
322.7	185.83723	3.262
322.8	185.39954	3.151
322.9	183.43971	3.118
323.0	182.88653	3.006
323.1	181.07295	2.976
323.2	179.95147	2.857
323.3	177.46755	2.768
323.4	176.00624	2.696
323.5	173.25569	2.557
323.6	172.03150	2.491
323.7	168.67443	2.396
323.8	167.39117	3.079
323.9	166.89364	2.976
324.0	165.44677	2.904
324.1	164.38843	2.840
324.2	162.28598	2.758
324.3	161.71346	2.703
324.4	159.56367	2.623
324.5	158.87961	2.567
324.6	156.20124	2.480
324.7	152.89575	2.385
324.8	151.37123	2.277
324.9	147.59745	2.179
325.0	144.64834	2.095
325.1	143.23584	2.715
325.2	141.74357	2.647
325.3	140.03681	2.576
325.4	138.02877	2.500
325.5	135.49354	2.416
325.6	135.04122	2.371
325.7	132.96216	3.264
325.8	133.56296	3.167
325.9	133.10338	3.081
326.0	132.48476	3.030
326.1	131.98729	2.945
326.2	130.82305	2.882
326.3	130.67973	5.375
326.4	133.08833	5.287
326.5	134.52948	5.192
326.6	136.28158	5.107
326.7	137.57561	5.039
326.8	139.90650	4.927
326.9	141.58331	4.947
327.0	142.64381	4.904
327.1	143.90758	4.826
327.2	145.61503	4.719
327.3	146.74997	4.632
327.4	147.76071	4.581
327.5	149.02771	4.495
327.6	150.63339	4.416
327.7	151.82456	4.323
327.8	152.83575	4.224
327.9	153.60961	4.159
328.0	154.51895	4.053
328.1	154.48034	3.966
328.2	155.33450	3.857
328.3	157.32774	3.774
328.4	157.09247	3.681
328.5	157.43905	3.601
328.6	157.55599	3.471
328.7	157.23054	3.948
328.8	157.76787	3.873
328.9	158.17578	3.750
329.0	158.62906	3.672
329.1	159.45944	3.558
329.2	159.56184	3.471
329.3	160.03088	3.346
329.4	159.38508	3.244
329.5	159.47296	3.603
329.6	159.28731	4.179
329.7	159.18656	4.131
329.8	160.01629	4.018
329.9	162.17607	3.936
330.0	162.93055	3.863
330.1	163.19311	3.778
330.2	163.97780	3.704
330.3	163.19873	3.641
330.4	163.54440	3.557
330.5	163.59310	3.467
330.6	163.53380	3.374
330.7	162.49793	3.307
330.8	162.49185	3.261
330.9	160.84736	3.183
331.0	161.89535	3.068
331.1	160.35305	2.949
331.2	159.90405	2.852
331.3	158.23397	2.778
331.4	155.92474	2.650
331.5	153.89177	3.261
331.6	154.07719	3.179
331.7	153.16694	3.117
331.8	152.52495	3.019
331.9	151.41855	2.954
332.0	150.76345	2.899
332.1	149.84108	2.798
332.2	148.23102	2.726
332.3	146.89665	2.661
332.4	144.44628	2.616
332.5	143.79398	2.524
332.6	141.45883	2.444
332.7	139.10417	2.364
332.8	137.00578	2.252
332.9	133.89099	2.163
333.0	131.34762	2.086
333.1	128.69927	1.972
333.2	126.43541	2.644
333.3	125.73319	2.594
333.4	124.16247	2.527
333.5	122.52675	2.425
333.6	120.44708	2.384
333.7	119.11035	2.291
333.8	117.17103	2.221
333.9	114.94741	2.179
334.0	112.32376	2.066
334.1	110.06192	1.963
334.2	107.95111	1.865
334.3	106.99264	5.428
334.4	108.42341	5.317
334.5	109.91110	5.234
334.6	111.30883	5.144
334.7	112.77457	5.084
334.8	114.57801	4.971
334.9	116.37338	4.984
335.0	117.26445	4.956
335.1	118.72127	4.883
335.2	119.98691	4.800
335.3	121.16997	4.711
335.4	122.64636	4.630
335.5	124.06926	4.544
335.6	125.17855	4.444
335.7	126.25889	4.376
335.8	126.85940	4.254
335.9	128.28191	4.157
336.0	129.19839	4.078
336.1	130.26830	3.966
336.2	130.75635	3.870
336.3	130.89501	3.764
336.4	131.53038	3.672
336.5	131.46335	4.260
336.6	132.63483	4.187
336.7	134.04466	4.118
336.8	134.61049	4.022
336.9	135.02319	3.959
337.0	135.67014	3.863
337.1	136.65053	3.776
337.2	136.81358	3.704
337.3	137.37557	3.642
337.4	137.17069	3.560
337.5	137.37954	3.488
337.6	137.32374	3.410
337.7	136.96264	3.324
337.8	136.60046	3.239
337.9	136.77202	3.166
338.0	136.72209	3.089
338.1	136.05856	2.959
338.2	135.64704	2.874
338.3	134.54244	2.776
338.4	132.62801	2.662
338.5	131.45706	3.117
338.6	131.06616	3.034
338.7	130.38330	2.945
338.8	129.06779	2.807
338.9	128.67337	2.727
339.0	128.28733	3.078
339.1	128.05859	3.683
339.2	128.97151	3.600
339.3	128.82260	3.524
339.4	129.34940	3.429
339.5	129.71699	3.366
339.6	129.66317	3.292
339.7	129.60436	3.218
339.8	129.10757	3.134
339.9	128.25791	3.077
340.0	128.15877	2.967
340.1	127.58222	2.918
340.2	126.58491	2.824
340.3	125.65116	2.768
340.4	124.29581	2.669
340.5	123.61721	2.585
340.6	122.05901	2.450
340.7	120.66439	2.388
340.8	118.65015	2.282
340.9	117.16128	2.876
341.0	116.49341	2.795
341.1	115.10098	2.729
341.2	114.66904	2.655
341.3	113.36904	2.561
341.4	111.64524	2.491
341.5	110.67613	2.438
341.6	109.36251	2.348
341.7	108.14357	2.292
341.8	106.20683	2.221
341.9	104.32228	2.152
342.0	102.75110	2.062
342.1	100.41502	1.959
342.2	97.56387	1.876
342.3	94.90867	1.772
342.4	91.64565	2.430
342.5	91.05860	2.363
342.6	89.62681	2.301
342.7	88.30104	2.217
342.8	86.88588	5.048
342.9	88.68035	5.077
343.0	89.70336	5.059
343.1	91.15997	4.960
343.2	92.25636	4.889
343.3	93.39717	4.765
343.4	94.49146	4.660
343.5	95.68064	4.557
343.6	96.81880	4.474
343.7	97.70119	4.349
343.8	98.54552	4.276
343.9	99.54858	4.179
344.0	100.20704	4.065
344.1	101.16330	3.962
344.2	101.97433	4.597
344.3	103.16600	4.534
344.4	104.08837	4.428
344.5	104.96454	4.347
344.6	105.84107	4.264
344.7	106.58398	4.204
344.8	107.64318	4.124
344.9	108.79247	4.015
345.0	109.26216	3.940
345.1	109.95223	3.872
345.2	110.62107	3.772
345.3	111.14712	3.696
345.4	111.32384	3.639
345.5	111.57277	3.553
345.6	112.13017	3.476
345.7	112.34439	3.357
345.8	112.38768	3.264
345.9	112.55797	3.174
346.0	112.20495	3.069
346.1	111.65265	2.960
346.2	111.16763	2.885
346.3	110.76254	2.781
346.4	110.76908	3.403
346.5	110.58325	3.335
346.6	111.20204	3.229
346.7	111.30472	3.170
346.8	111.22701	3.074
346.9	110.81862	3.000
347.0	110.26665	2.924
347.1	109.48504	2.872
347.2	108.68721	2.790
347.3	107.83801	2.708
347.4	106.60511	2.647
347.5	106.58714	2.557
347.6	105.50310	2.472
347.7	103.64391	2.370
347.8	102.26155	2.281
347.9	100.58825	2.160
348.0	99.03227	2.071
348.1	97.93255	2.487
348.2	97.72174	2.865
348.3	97.04924	2.764
348.4	96.71118	3.134
348.5	96.86101	3.302
348.6	96.94693	3.224
348.7	96.76238	3.136
348.8	96.93937	3.060
348.9	96.33751	2.987
349.0	96.43427	2.909
349.1	96.20796	2.848
349.2	95.56211	2.775
349.3	95.19482	2.684
349.4	94.32157	2.607
349.5	93.48350	2.557
349.6	92.69184	2.458
349.7	91.50501	2.349
349.8	90.51083	2.273
349.9	88.59878	2.150
350.0	86.73738	2.057
350.1	85.38728	2.647
350.2	84.74746	2.580
350.3	84.12244	2.514
350.4	83.13422	2.437
350.5	82.51847	2.350
350.6	81.38178	2.295
350.7	79.99043	2.233
350.8	79.07172	2.141
350.9	77.71072	5.044
351.0	78.85394	4.962
351.1	79.83218	4.955
351.2	80.99215	4.866
351.3	82.11265	4.770
351.4	83.24362	4.671
351.5	84.29903	4.563
351.6	85.22923	4.469
351.7	85.95289	4.361
351.8	86.64613	4.273
351.9	87.77177	4.155
352.0	88.51281	4.065
352.1	89.15452	3.969
352.2	89.97562	3.853
352.3	90.63766	3.779
352.4	91.12927	4.160
352.5	91.97098	4.380
352.6	92.81566	4.289
352.7	93.69862	4.198
352.8	94.74585	4.111
352.9	95.62364	4.041
353.0	96.24875	3.959
353.1	96.81395	3.873
353.2	97.19480	3.806
353.3	97.46785	3.735
353.4	97.81258	3.638
353.5	98.67756	3.559
353.6	98.95215	3.457
353.7	99.11824	3.352
353.8	99.28019	3.273
353.9	99.23580	3.160
354.0	99.12877	3.073
354.1	98.71218	2.977
354.2	98.60558	2.863
354.3	98.19406	3.237
354.4	98.20817	3.155
354.5	98.51354	3.359
354.6	98.36039	3.271
354.7	98.26860	3.185
354.8	98.20668	3.128
354.9	98.10239	3.042
355.0	98.26685	2.964
355.1	97.73466	2.893
355.2	97.29581	2.825
355.3	96.94953	2.734
355.4	96.20933	2.659
355.5	95.41326	2.556
355.6	94.45616	2.478
355.7	93.05110	2.363
355.8	91.68661	2.251
355.9	90.31527	2.167
356.0	89.18364	2.790
356.1	88.66141	2.724
356.2	88.39705	2.641
356.3	87.83165	2.575
356.4	87.15671	2.482
356.5	85.79679	2.419
356.6	85.00191	2.349
356.7	84.01134	2.275
356.8	82.35591	2.230
356.9	81.30601	2.156
357.0	79.69546	2.068
357.1	78.06677	1.960
357.2	76.47502	1.856
357.3	74.80556	1.753
357.4	73.48971	2.155
357.5	72.33371	2.568
357.6	71.80594	2.933
357.7	71.82838	2.833
357.8	71.66250	3.029
357.9	71.63678	2.947
358.0	71.50035	2.860
358.1	71.31696	2.793
358.2	70.98583	2.720
358.3	70.51141	2.642
358.4	70.19777	2.571
358.5	69.57544	2.490
358.6	69.17585	2.417
358.7	68.30368	2.348
358.8	68.63167	4.943
358.9	69.72823	4.943
359.0	70.17168	4.914
359.1	71.17260	4.822
359.2	72.20334	4.748
359.3	73.12362	4.663
359.4	74.09406	4.578
359.5	74.92653	4.480
359.6	75.74200	4.400
359.7	76.57860	4.319
359.8	77.26985	4.248
359.9	77.93319	4.152
360.0	78.76453	4.063
360.1	79.37840	3.960
360.2	79.89596	3.873
360.3	80.77238	3.755
360.4	81.19265	3.660
360.5	81.50679	3.559
360.6	81.63847	3.450
360.7	82.32289	3.363
360.8	82.56073	4.119
360.9	83.04678	4.049
361.0	83.70795	3.963
361.1	84.55024	3.883
361.2	85.08007	3.788
361.3	85.70323	3.719
361.4	86.10426	3.639
361.5	86.38943	3.553
361.6	86.52469	3.461
361.7	86.65064	3.369
361.8	86.72759	3.274
361.9	87.19985	3.169
362.0	87.12761	3.069
362.1	86.82917	2.960
362.2	86.42172	2.874
362.3	86.05150	2.765
362.4	85.86089	3.169
362.5	85.67699	3.379
362.6	85.93891	3.293
362.7	86.18068	3.229
362.8	86.09824	3.153
362.9	86.20691	3.060
363.0	86.00195	2.981
363.1	85.57686	2.918
363.2	85.38488	2.839
363.3	85.03024	2.756
363.4	84.53007	2.668
363.5	83.75160	2.573
363.6	82.94168	2.455
363.7	82.44276	2.371
363.8	81.56060	2.277
363.9	80.24443	2.668
364.0	79.60708	2.558
364.1	78.98201	2.471
364.2	78.40793	2.673
364.3	77.86730	2.589
364.4	77.25846	2.526
364.5	76.43428	2.456
364.6	75.54479	2.385
364.7	74.69085	2.316
364.8	73.88102	2.249
364.9	72.90823	2.158
365.0	71.82865	2.066
365.1	70.07809	1.956
365.2	68.70241	1.860
365.3	67.07637	1.760
365.4	65.63007	2.145
365.5	64.86231	2.321
365.6	63.89777	2.250
365.7	63.23648	2.174
365.8	62.26346	2.105
365.9	61.30518	2.038
366.0	60.29307	1.971
366.1	58.98998	1.912
366.2	57.63657	1.852
366.3	56.47540	1.751
366.4	55.00417	1.659
366.5	55.48512	5.171
366.6	56.37375	5.092
366.7	57.25131	5.007
366.8	58.06633	4.912
366.9	58.87909	4.896
367.0	59.20889	4.924
367.1	60.02014	4.837
367.2	60.80890	4.761
367.3	61.73830	4.676
367.4	62.58741	4.579
367.5	63.32117	4.507
367.6	64.09793	4.416
367.7	64.76114	4.333
367.8	65.38442	4.244
367.9	66.14047	4.162
368.0	66.76592	4.068
368.1	67.33927	3.950
368.2	67.89713	3.868
368.3	68.37745	3.759
368.4	68.91493	3.652
368.5	69.28227	3.554
368.6	69.51568	3.468
368.7	69.91243	3.349
368.8	70.12488	3.776
368.9	70.62333	3.683
369.0	70.88900	3.576
369.1	71.21654	3.492
369.2	71.93118	3.690
369.3	72.27593	3.605
369.4	72.60832	3.519
369.5	72.86170	3.449
369.6	73.33476	3.368
369.7	73.48572	3.292
369.8	73.61432	3.215
369.9	73.65279	3.133
370.0	73.62823	3.049
370.1	73.39141	2.957
370.2	73.27727	2.870
370.3	73.33564	2.769
370.4	72.82406	2.667
370.5	72.11699	2.560
370.6	71.65677	3.332
370.7	71.81370	3.258
370.8	71.89248	3.180
370.9	72.09106	3.108
371.0	72.13383	3.028
371.1	72.05747	2.944
371.2	71.79924	2.852
371.3	71.58561	2.763
371.4	71.37545	2.654
371.5	70.77921	2.553
371.6	70.12871	2.470
371.7	69.26557	2.362
371.8	68.67462	2.264
371.9	67.83922	2.695
372.0	67.70018	2.613
372.1	66.97338	2.793
372.2	66.71387	2.725
372.3	66.36691	2.655
372.4	65.97157	2.583
372.5	65.61123	2.495
372.6	64.92899	2.433
372.7	64.31802	2.356
372.8	63.48706	2.254
372.9	62.67038	2.154
373.0	61.64635	2.050
373.1	60.35359	1.956
373.2	59.26566	1.871
373.3	58.47214	2.290
373.4	57.75828	2.181
373.5	56.94031	2.102
373.6	56.40167	2.288
373.7	55.69302	2.228
373.8	54.89711	2.150
373.9	54.10447	2.088
374.0	53.05254	2.018
374.1	52.24278	1.958
374.2	51.18937	1.860
374.3	49.96711	1.760
374.4	48.70011	1.660
374.5	47.07192	1.552
374.6	46.16864	1.964
374.7	45.24695	1.874
374.8	44.48841	2.043
374.9	44.63709	5.021
375.0	45.35968	4.932
375.1	45.84584	4.879
375.2	46.57941	4.796
375.3	47.19185	4.710
375.4	47.83182	4.622
375.5	48.51055	4.549
375.6	49.09802	4.463
375.7	49.65436	4.357
375.8	50.22531	4.263
375.9	50.78860	4.151
376.0	51.45685	4.059
376.1	51.95177	3.949
376.2	52.41001	3.864
376.3	52.73425	3.753
376.4	53.23527	3.652
376.5	53.54566	3.552
376.6	53.88040	3.467
376.7	54.13066	3.914
376.8	54.61666	3.825
376.9	55.05314	3.714
377.0	55.40523	3.612
377.1	55.83108	3.529
377.2	56.11486	3.754
377.3	56.46579	3.665
377.4	56.99458	3.586
377.5	57.30924	3.508
377.6	57.54733	3.425
377.7	57.80310	3.342
377.8	58.05516	3.258
377.9	58.18503	3.150
378.0	58.18225	3.067
378.1	58.10846	2.964
378.2	58.01150	2.861
378.3	57.76548	2.751
378.4	57.53013	2.659
378.5	57.58433	3.101
378.6	57.61356	3.021
378.7	57.51919	2.902
378.8	57.50122	2.803
378.9	57.37984	2.716
379.0	57.33983	2.909
379.1	57.14630	2.835
379.2	56.93824	2.760
379.3	56.85447	2.692
379.4	56.50939	2.611
379.5	56.24511	2.536
379.6	55.79048	2.452
379.7	55.34317	2.354
379.8	54.68942	2.265
379.9	53.93736	2.158
380.0	53.60938	2.947
380.1	53.60906	2.871
380.2	53.51313	2.791
380.3	53.38065	2.723
380.4	53.12671	2.650
380.5	52.77685	2.558
380.6	52.38170	2.450
380.7	52.08399	2.363
380.8	51.50277	2.249
380.9	50.82056	2.162
381.0	50.17311	2.064
381.1	49.32632	2.530
381.2	48.92655	2.427
381.3	48.48870	2.323
381.4	47.93176	2.229
381.5	47.49641	2.437
381.6	47.06931	2.375
381.7	46.64645	2.301
381.8	46.15113	2.224
381.9	45.57328	2.157
382.0	44.93427	2.051
382.1	44.16393	1.954
382.2	43.27644	1.853
382.3	42.21838	1.760
382.4	41.26263	2.222
382.5	40.72442	2.112
382.6	40.14173	2.025
382.7	39.47106	1.924
382.8	38.73891	2.108
382.9	38.18370	2.034
383.0	37.66040	4.990
383.1	38.03979	4.952
383.2	38.64401	4.862
383.3	39.19434	4.783
383.4	39.79803	4.650
383.5	40.33763	4.561
383.6	40.91837	4.461
383.7	41.36282	4.354
383.8	41.94370	4.258
383.9	42.44655	4.151
384.0	42.88544	4.058
384.1	43.31568	3.962
384.2	43.72613	3.849
384.3	44.22241	4.312
384.4	44.69507	4.204
384.5	45.24407	4.100
384.6	45.70911	4.011
384.7	46.09213	3.912
384.8	46.48286	3.812
384.9	46.86765	3.978
385.0	47.39286	3.887
385.1	47.90354	3.806
385.2	48.23860	3.722
385.3	48.57153	3.637
385.4	48.94210	3.567
385.5	49.21134	3.474
385.6	49.42914	3.405
385.7	49.55947	3.330
385.8	49.88581	3.238
385.9	49.97804	3.159
386.0	50.06246	3.050
386.1	50.09721	2.953
386.2	50.10259	2.854
386.3	50.00324	2.749
386.4	49.78374	2.652
386.5	49.46891	2.552
386.6	49.13819	2.465
386.7	48.97253	2.956
386.8	48.99236	2.846
386.9	48.88536	2.757
387.0	48.70621	2.650
387.1	48.56330	2.863
387.2	48.53670	2.779
387.3	48.31933	2.711
387.4	48.06344	2.629
387.5	47.93194	2.554
387.6	47.60412	2.455
387.7	47.16222	2.353
387.8	46.62419	2.260
387.9	46.02732	2.153
388.0	45.44584	2.062
388.1	45.02777	2.539
388.2	44.67495	2.444
388.3	44.28160	2.347
388.4	43.79069	2.246
388.5	43.24732	2.145
388.6	42.75533	2.351
388.7	42.39025	2.271
388.8	41.98626	2.201
388.9	41.47372	2.139
389.0	40.88858	2.051
389.1	40.21858	1.949
389.2	39.37733	1.853
389.3	39.06736	2.669
389.4	38.89197	2.591
389.5	38.72934	2.514
389.6	38.47725	2.443
389.7	38.25178	2.353
389.8	37.90735	2.256
389.9	37.48093	2.156
390.0	36.94695	2.052
390.1	36.26931	1.953
390.2	35.61926	1.857
390.3	35.04379	2.354
390.4	34.74046	2.255
390.5	34.32630	2.150
390.6	33.80337	2.050
390.7	33.32184	1.955
390.8	32.93585	2.185
390.9	32.54472	2.112
391.0	32.85131	4.832
391.1	33.18632	4.678
391.2	33.65758	4.577
391.3	34.14851	4.485
391.4	34.63299	4.388
391.5	35.04370	4.277
391.6	35.45171	4.183
391.7	35.85764	4.085
391.8	36.25496	3.984
391.9	36.61657	3.886
392.0	36.97290	3.786
392.1	37.30493	3.691
392.2	37.61627	3.592
392.3	37.98139	4.481
392.4	38.52869	4.401
392.5	38.98436	4.318
392.6	39.49400	4.226
392.7	39.91587	4.145
392.8	40.31247	4.058
392.9	40.78752	3.977
393.0	41.16450	3.895
393.1	41.50269	3.808
393.2	41.87266	3.734
393.3	42.20366	3.643
393.4	42.46375	3.568
393.5	42.70988	3.491
393.6	42.99916	3.404
393.7	43.21157	3.322
393.8	43.43349	3.240
393.9	43.61365	3.154
394.0	43.64809	3.057
394.1	43.65058	2.958
394.2	43.59454	2.855
394.3	43.65380	2.759
394.4	43.40344	2.657
394.5	43.27513	3.142
394.6	43.44437	3.042
394.7	43.41699	2.929
394.8	43.39958	2.829
394.9	43.32695	2.738
395.0	43.26860	2.637
395.1	43.17052	2.814
395.2	43.09573	2.748
395.3	42.96110	2.667
395.4	42.71055	2.590
395.5	42.50187	2.517
395.6	42.16472	2.450
395.7	41.97665	2.355
395.8	41.55002	2.261
395.9	41.01773	2.151
396.0	40.34380	2.058
396.1	39.80431	1.963
396.2	39.05873	1.860
396.3	38.56175	2.383
396.4	38.15380	2.271
396.5	37.72821	2.170
396.6	37.16390	2.075
396.7	36.66912	2.286
396.8	36.30522	2.212
396.9	35.86494	2.145
397.0	35.41627	2.058
397.1	34.79314	1.952
397.2	34.15361	1.858
397.3	33.37629	1.750
397.4	32.51894	1.650
397.5	32.18247	2.272
397.6	31.89660	2.197
397.7	31.52912	2.127
397.8	31.08004	2.062
397.9	30.68795	1.992
398.0	30.16075	1.923
398.1	29.57089	1.861
398.2	28.97121	1.798
398.3	28.31290	1.733
398.4	27.67435	2.531
398.5	27.54759	2.457
398.6	27.36533	2.378
398.7	27.15537	2.305
398.8	27.27786	5.040
398.9	27.72412	4.950
399.0	28.17575	4.864
399.1	28.58285	4.783
399.2	29.06306	4.692
399.3	29.47965	4.604
399.4	29.90247	4.521
399.5	30.29440	4.438
399.6	30.70800	4.355
399.7	31.07337	4.271
399.8	31.46727	4.179
399.9	31.83872	4.098
400.0	32.19913	4.014
400.1	32.55243	3.935
400.2	32.87059	3.850
400.3	33.17802	3.751
400.4	33.45488	3.657
400.5	33.68762	3.556
400.6	33.95343	3.457
400.7	34.12082	3.356
400.8	34.33865	3.259
400.9	34.50242	3.156
401.0	34.58378	3.054
401.1	34.62371	2.959
401.2	34.88283	3.532
401.3	35.09490	3.432
401.4	35.23407	3.324
401.5	35.38590	3.227
401.6	35.55739	3.130
401.7	35.61481	3.033
401.8	35.63719	2.923
401.9	35.65027	2.832
402.0	35.64235	2.730
402.1	35.49643	2.627
402.2	35.42675	2.531
402.3	35.63985	3.485
402.4	35.83361	3.401
402.5	36.03392	3.317
402.6	36.22237	3.241
402.7	36.33084	3.157
402.8	36.42506	3.081
402.9	36.44936	3.000
403.0	36.49049	2.930
403.1	36.54717	2.851
403.2	36.47882	2.773
403.3	36.37294	2.692
403.4	36.23864	2.620
403.5	36.06373	2.546
403.6	35.93330	2.455
403.7	35.63331	2.353
403.8	35.31376	2.252
403.9	34.94307	2.159
404.0	34.42248	2.058
404.1	34.14862	2.654
404.2	33.96262	2.582
404.3	33.81849	2.503
404.4	33.67400	2.435
404.5	33.48186	2.354
404.6	33.20068	2.287
404.7	32.85885	2.217
404.8	32.48713	2.146
404.9	32.02978	2.079
405.0	31.54356	2.012
405.1	31.02108	1.943
405.2	30.39207	1.852
405.3	29.80669	1.757
405.4	29.11700	1.659
405.5	28.32055	1.557
405.6	27.46990	2.206
405.7	27.12227	2.139
405.8	26.78961	2.067
405.9	26.40359	2.000
406.0	25.99744	1.932
406.1	25.53302	1.868
406.2	24.98974	1.800
406.3	24.43853	1.739
406.4	23.91652	1.654
406.5	23.25629	1.549
406.6	22.51867	1.455
406.7	21.73655	2.069
406.8	21.86654	5.105
406.9	22.23224	5.016
407.0	22.59208	4.928
407.1	22.95993	4.843
407.2	23.32323	4.753
407.3	23.68226	4.671
407.4	24.01901	4.580
407.5	24.36751	4.495
407.6	24.71660	4.413
407.7	25.05973	4.326
407.8	25.38244	4.240
407.9	25.69583	4.156
408.0	25.99349	4.052
408.1	26.26818	3.956
408.2	26.52811	3.855
408.3	26.80413	3.755
408.4	27.05397	3.656
408.5	27.27486	3.558
408.6	27.47989	3.457
408.7	27.64276	3.358
408.8	27.90724	3.966
408.9	28.18512	3.882
409.0	28.44663	3.794
409.1	28.72277	3.714
409.2	28.96335	3.636
409.3	29.20622	3.547
409.4	29.39169	3.468
409.5	29.56464	3.394
409.6	29.76087	3.305
409.7	29.93633	3.229
409.8	30.03201	3.153
409.9	30.12763	3.067
410.0	30.22424	2.990
410.1	30.23939	2.914
410.2	30.22652	2.843
410.3	30.20068	2.754
410.4	30.12837	2.652
410.5	30.06449	2.552
410.6	29.90486	2.453
410.7	29.75186	2.355
410.8	29.48606	2.258
410.9	29.13788	2.157
411.0	28.86246	2.681
411.1	28.80012	2.577
411.2	28.67862	2.483
411.3	28.49295	2.386
411.4	28.23005	2.283
411.5	28.00719	2.185
411.6	27.73491	2.457
411.7	27.58092	3.063
411.8	27.62690	2.988
411.9	27.65292	2.911
412.0	27.64657	2.831
412.1	27.62585	2.757
412.2	27.64154	2.679
412.3	27.52888	2.605
412.4	27.41915	2.532
412.5	27.27270	2.455
412.6	27.08781	2.377
412.7	26.86547	2.311
412.8	26.62765	2.237
412.9	26.38033	2.156
413.0	26.02444	2.053
413.1	25.67092	1.951
413.2	25.21982	1.852
413.3	24.68632	1.750
413.4	24.40326	2.358
413.5	24.19117	2.289
413.6	23.95425	2.212
413.7	23.71099	2.142
413.8	23.39908	2.073
413.9	23.08669	2.006
414.0	22.71542	1.941
414.1	22.37895	1.867
414.2	21.92458	1.804
414.3	21.44252	1.740
414.4	20.94437	1.652
414.5	20.38606	1.556
414.6	19.73486	1.455
414.7	18.99724	1.352
414.8	18.44865	2.022
414.9	18.17878	1.950
415.0	17.91102	1.886
415.1	17.66457	4.911
415.2	17.95491	4.822
415.3	18.23972	4.738
415.4	18.52170	4.648
415.5	18.80490	4.554
415.6	19.07869	4.454
415.7	19.34104	4.352
415.8	19.58912	4.255
415.9	19.83954	4.155
416.0	20.08446	4.051
416.1	20.31869	3.953
416.2	20.54128	3.850
416.3	20.74385	3.753
416.4	20.93982	3.652
416.5	21.19055	4.293
416.6	21.47251	4.210
416.7	21.73643	4.126
416.8	21.98973	4.043
416.9	22.24276	3.958
417.0	22.48078	3.875
417.1	22.72092	3.789
417.2	22.92012	3.707
417.3	23.13883	3.627
417.4	23.31724	3.546
417.5	23.50684	3.464
417.6	23.64820	3.382
417.7	23.79607	3.299
417.8	23.90872	3.224
417.9	24.02562	3.141
418.0	24.08965	3.052
418.1	24.15024	2.954
418.2	24.19409	2.855
418.3	24.18983	2.756
418.4	24.15513	2.654
418.5	24.08766	2.557
418.6	23.95239	2.453
418.7	24.01244	3.070
418.8	24.07713	2.994
418.9	24.11772	2.915
419.0	24.12486	2.839
419.1	24.15971	2.760
419.2	24.11122	2.684
419.3	24.04865	2.608
419.4	23.99263	2.533
419.5	23.87368	2.465
419.6	23.71717	2.387
419.7	23.52937	2.314
419.8	23.31525	2.246
419.9	23.11874	2.154
420.0	22.81274	2.054
420.1	22.47034	1.952
420.2	22.10364	1.851
420.3	21.84686	2.331
420.4	21.66213	2.231
420.5	21.42314	2.132
420.6	21.15769	2.032
420.7	20.80661	1.927
420.8	20.44637	1.829
420.9	20.00999	1.727
421.0	19.73972	2.782
421.1	19.72366	2.705
421.2	19.67000	2.629
421.3	19.62237	2.549
421.4	19.55341	2.477
421.5	19.46072	2.403
421.6	19.32887	2.325
421.7	19.16491	2.256
421.8	18.98620	2.185
421.9	18.77176	2.112
422.0	18.53145	2.042
422.1	18.28981	1.952
422.2	17.96525	1.850
422.3	17.60715	1.752
422.4	17.19187	1.652
422.5	16.79799	2.245
422.6	16.64190	2.171
422.7	16.44795	2.103
422.8	16.26474	2.032
422.9	16.01888	1.964
423.0	15.77478	1.898
423.1	15.48404	1.831
423.2	15.37086	4.822
423.3	15.61563	4.739
423.4	15.85803	4.652
423.5	16.09797	4.550
423.6	16.33191	4.451
423.7	16.55937	4.352
423.8	16.79886	4.252
423.9	17.01368	4.151
424.0	17.22294	4.052
424.1	17.41733	3.951
424.2	17.61109	3.852
424.3	17.79133	3.753
424.4	17.95497	3.654
424.5	18.10934	3.550
424.6	18.25788	3.455
424.7	18.47350	4.135
424.8	18.69906	4.051
424.9	18.91341	3.967
425.0	19.12619	3.886
425.1	19.33115	3.801
425.2	19.50511	3.720
425.3	19.68736	3.638
425.4	19.86443	3.553
425.5	20.03160	3.470
425.6	20.15948	3.391
425.7	20.29541	3.307
425.8	20.39280	3.233
425.9	20.50087	3.147
426.0	20.57624	3.051
426.1	20.62616	2.949
426.2	20.65265	2.851
426.3	20.64976	2.754
426.4	20.62869	2.649
426.5	20.55448	2.550
426.6	20.46506	2.456
426.7	20.53589	3.105
426.8	20.60227	3.024
426.9	20.65978	2.948
427.0	20.67274	2.872
427.1	20.68078	2.794
427.2	20.68412	2.717
427.3	20.64853	2.640
427.4	20.59344	2.567
427.5	20.51533	2.492
427.6	20.41085	2.414
427.7	20.27377	2.345
427.8	20.12762	2.253
427.9	19.93692	2.151
428.0	19.70336	2.052
428.1	19.42559	1.955
428.2	19.07193	1.854
428.3	18.82116	2.472
428.4	18.71897	2.399
428.5	18.61190	2.325
428.6	18.45428	2.252
428.7	18.28391	2.184
428.8	18.07769	2.112
428.9	17.87338	2.042
429.0	17.61163	1.976
429.1	17.32853	1.909
429.2	17.01575	1.845
429.3	16.67271	1.750
429.4	16.29818	1.650
429.5	15.86171	1.551
429.6	15.42019	1.998
429.7	15.17470	1.896
429.8	14.88365	1.795
429.9	14.57065	1.698
430.0	14.19246	1.597
430.1	13.87247	1.951
430.2	13.83371	2.589
430.3	13.79324	2.516
430.4	13.73519	2.440
430.5	13.65763	2.366
430.6	13.56879	2.291
430.7	13.45267	2.219
430.8	13.33957	2.146
430.9	13.18429	2.074
431.0	13.11453	4.912
431.1	13.32917	4.825
431.2	13.54565	4.742
431.3	13.75928	4.653
431.4	13.97464	4.566
431.5	14.17743	4.482
431.6	14.38857	4.398
431.7	14.58906	4.311
431.8	14.78473	4.224
431.9	14.97774	4.141
432.0	15.16151	4.054
432.1	15.33889	3.952
432.2	15.50296	3.853
432.3	15.66439	3.751
432.4	15.81221	3.653
432.5	15.94969	3.551
432.6	16.07704	3.454
432.7	16.20217	3.350
432.8	16.30176	3.254
432.9	16.38345	3.153
433.0	16.45689	3.891
433.1	16.63402	3.808
433.2	16.78483	3.727
433.3	16.94677	3.641
433.4	17.09591	3.560
433.5	17.24355	3.478
433.6	17.37504	3.396
433.7	17.47982	3.313
433.8	17.58748	3.234
433.9	17.66341	3.154
434.0	17.73400	3.051
434.1	17.77605	2.954
434.2	17.81365	2.850
434.3	17.82674	2.753
434.4	17.81013	2.651
434.5	17.75644	2.555
434.6	17.68300	2.451
434.7	17.57615	2.349
434.8	17.57289	3.039
434.9	17.62007	2.964
435.0	17.64541	2.885
435.1	17.67308	2.807
435.2	17.68085	2.730
435.3	17.65552	2.654
435.4	17.60515	2.579
435.5	17.55797	2.500
435.6	17.47130	2.427
435.7	17.35694	2.350
435.8	17.23898	2.254
435.9	17.07503	2.153
436.0	16.86449	2.053
436.1	16.61917	1.951
436.2	16.34265	1.853
436.3	16.16463	2.505
436.4	16.09219	2.433
436.5	15.99234	2.357
436.6	15.89744	2.287
436.7	15.75177	2.216
436.8	15.60335	2.145
436.9	15.42763	2.076
437.0	15.22263	2.004
437.1	14.99199	1.938
437.2	14.73256	1.849
437.3	14.46712	1.753
437.4	14.12903	1.651
437.5	13.74395	1.550
437.6	13.35033	2.167
437.7	13.21417	2.095
437.8	13.05310	2.027
437.9	12.87034	1.957
438.0	12.66294	1.892
438.1	12.43906	1.826
438.2	12.18805	1.761
438.3	11.92228	1.698
438.4	11.63206	1.636
438.5	11.32126	1.550
438.6	10.99259	1.450
438.7	10.60661	1.350
438.8	10.63186	4.999
438.9	10.76853	4.945
439.0	10.95009	4.859
439.1	11.13243	4.771
439.2	11.24583	4.748
439.3	11.42561	4.663
439.4	11.60149	4.577
439.5	11.77583	4.489
439.6	11.94690	4.403
439.7	12.11453	4.321
439.8	12.27916	4.233
439.9	12.44035	4.149
440.0	12.60137	4.050
440.1	12.75127	3.953
440.2	12.89588	3.850
440.3	13.02951	3.750
440.4	13.15584	3.650
440.5	13.27453	3.549
440.6	13.38532	3.453
440.7	13.47899	3.350
440.8	13.56712	3.253
440.9	13.63618	3.151
441.0	13.77475	3.817
441.1	13.92234	3.735
441.2	14.05998	3.652
441.3	14.18600	3.573
441.4	14.30485	3.490
441.5	14.41234	3.408
441.6	14.51057	3.326
441.7	14.59695	3.245
441.8	14.66885	3.169
441.9	14.73936	3.087
442.0	14.80196	3.008
442.1	14.84368	2.928
442.2	14.86824	2.853
442.3	14.87787	2.753
442.4	14.86160	2.649
442.5	14.83031	2.552
442.6	14.76829	2.450
442.7	14.69551	2.351
442.8	14.58692	2.252
442.9	14.47702	3.006
443.0	14.51298	2.927
443.1	14.53633	2.850
443.2	14.55125	2.771
443.3	14.53946	2.695
443.4	14.53108	2.616
443.5	14.48150	2.543
443.6	14.43306	2.449
443.7	14.35535	2.352
443.8	14.24119	2.253
443.9	14.12250	2.152
444.0	13.95344	2.052
444.1	13.75141	1.950
444.2	13.53421	1.852
444.3	13.38441	2.548
444.4	13.33692	2.472
444.5	13.26916	2.397
444.6	13.19093	2.324
444.7	13.09455	2.253
444.8	12.97194	2.182
444.9	12.83627	2.110
445.0	12.69177	2.038
445.1	12.51237	1.950
445.2	12.32306	1.852
445.3	12.07983	1.752
445.4	11.80257	1.650
445.5	11.48735	1.552
445.6	11.30775	2.213
445.7	11.20499	2.143
445.8	11.07695	2.073
445.9	10.93215	2.004
446.0	10.77411	1.936
446.1	10.59930	1.867
446.2	10.40796	1.803
446.3	10.20348	1.737
446.4	9.97695	1.652
446.5	9.71858	1.549
446.6	9.42119	1.452
446.7	9.08886	1.350
446.8	8.83931	1.981
446.9	8.71404	1.914
447.0	8.56769	1.846
447.1	8.40850	1.781
447.2	8.54072	4.807
447.3	8.67870	4.720
447.4	8.81850	4.632
447.5	8.95567	4.548
447.6	9.09204	4.450
447.7	9.22258	4.352
447.8	9.35349	4.250
447.9	9.47781	4.151
448.0	9.59779	4.049
448.1	9.71463	3.950
448.2	9.82501	3.851
448.3	9.93126	3.751
448.4	10.02987	3.649
448.5	10.12254	3.550
448.6	10.20948	3.453
448.7	10.28970	3.352
448.8	10.38061	3.660
448.9	10.47574	3.559
449.0	10.58315	3.877
449.1	10.69844	3.795
449.2	10.80684	3.712
449.3	10.91241	3.630
449.4	11.01012	3.546
449.5	11.10168	3.465
449.6	11.18221	3.384
449.7	11.25983	3.303
449.8	11.33101	3.223
449.9	11.39143	3.143
450.0	11.44619	3.050
450.1	11.48516	2.952
450.2	11.51109	2.851
450.3	11.51691	2.751
450.4	11.51537	2.650
450.5	11.49923	2.550
450.6	11.45682	2.451
450.7	11.39546	2.349
450.8	11.40782	3.026
450.9	11.44701	2.949
451.0	11.47402	2.869
451.1	11.48910	2.793
451.2	11.49341	2.714
451.3	11.48500	2.640
451.4	11.46103	2.562
451.5	11.42667	2.489
451.6	11.37977	2.414
451.7	11.31720	2.340
451.8	11.23327	2.252
451.9	11.12932	2.152
452.0	11.00493	2.050
452.1	10.85310	1.951
452.2	10.68305	1.851
452.3	10.56529	2.623
452.4	10.54647	2.548
452.5	10.51066	2.473
452.6	10.46023	2.398
452.7	10.39731	2.324
452.8	10.32740	2.250
452.9	10.23507	2.150
453.0	10.12109	2.050
453.1	9.98251	1.951
453.2	9.82231	1.850
453.3	9.63303	1.751
453.4	9.44004	2.070
453.5	9.32416	1.972
453.6	9.18250	2.277
453.7	9.10682	2.203
453.8	9.02640	2.132
453.9	8.92695	2.060
454.0	8.81024	1.990
454.1	8.68066	1.922
454.2	8.53946	1.850
454.3	8.38614	1.752
454.4	8.19699	1.651
454.5	7.98565	1.551
454.6	7.74395	1.449
454.7	7.55278	1.829
454.8	7.45209	2.040
454.9	7.35402	1.971
455.0	7.24490	1.902
455.1	7.12377	1.835
455.2	7.20899	4.845
455.3	7.32881	4.749
455.4	7.44571	4.650
455.5	7.56374	4.552
455.6	7.67913	4.450
455.7	7.79009	4.350
455.8	7.90007	4.252
455.9	8.00597	4.150
456.0	8.10925	4.051
456.1	8.20917	3.951
456.2	8.30276	3.850
456.3	8.39217	3.751
456.4	8.47776	3.650
456.5	8.57582	4.022
456.6	8.68765	4.198
456.7	8.80182	4.113
456.8	8.91176	4.029
456.9	9.02033	3.944
457.0	9.12389	3.861
457.1	9.22173	3.779
457.2	9.31704	3.693
457.3	9.41045	3.611
457.4	9.49536	3.530
457.5	9.57496	3.448
457.6	9.64649	3.365
457.7	9.71180	3.285
457.8	9.77080	3.204
457.9	9.82155	3.123
458.0	9.86541	3.046
458.1	9.89769	2.952
458.2	9.91996	2.849
458.3	9.93208	2.752
458.4	9.92872	2.652
458.5	9.91203	2.551
458.6	9.88008	2.450
458.7	9.83232	2.352
458.8	9.76606	2.691
458.9	9.75746	2.594
459.0	9.72874	2.492
459.1	9.68623	2.390
459.2	9.68350	2.719
459.3	9.67779	2.644
459.4	9.66734	2.567
459.5	9.63677	2.492
459.6	9.59722	2.417
459.7	9.54822	2.344
459.8	9.48235	2.251
459.9	9.39893	2.152
460.0	9.29535	2.050
460.1	9.17604	1.952
460.2	9.02267	1.852
460.3	8.86225	2.251
460.4	8.78025	2.150
460.5	8.72320	2.361
460.6	8.66679	2.288
460.7	8.59907	2.215
460.8	8.51715	2.145
460.9	8.42957	2.075
461.0	8.32993	2.005
461.1	8.21234	1.937
461.2	8.07692	1.852
461.3	7.92833	1.751
461.4	7.75244	1.649
461.5	7.55110	1.550
461.6	7.46624	2.344
461.7	7.41745	2.272
461.8	7.35772	2.199
461.9	7.28646	2.126
462.0	7.20857	2.051
462.1	7.11300	1.949
462.2	6.99801	1.850
462.3	6.86916	1.751
462.4	6.71945	1.650
462.5	6.55064	2.002
462.6	6.45570	1.902
462.7	6.34880	1.802
462.8	6.21953	1.701
462.9	6.12793	2.025
463.0	6.04444	1.956
463.1	6.09187	4.802
463.2	6.19312	4.714
463.3	6.24628	4.693
463.4	6.34567	4.605
463.5	6.44404	4.519
463.6	6.54196	4.433
463.7	6.63786	4.347
463.8	6.73177	4.250
463.9	6.82217	4.149
464.0	6.91016	4.051
464.1	6.99495	3.951
464.2	7.07743	3.851
464.3	7.15422	3.751
464.4	7.22830	3.652
464.5	7.29497	3.549
464.6	7.35957	3.451
464.7	7.41648	3.351
464.8	7.48580	4.076
464.9	7.57780	3.993
465.0	7.66864	3.907
465.1	7.75680	3.824
465.2	7.83851	3.739
465.3	7.91963	3.657
465.4	7.99248	3.575
465.5	8.06538	3.493
465.6	8.12928	3.411
465.7	8.19018	3.330
465.8	8.24490	3.247
465.9	8.29078	3.150
466.0	8.33216	3.050
466.1	8.36325	2.951
466.2	8.38279	2.851
466.3	8.39307	2.750
466.4	8.39155	2.651
466.5	8.37821	2.551
466.6	8.35059	2.952
466.7	8.37166	2.852
466.8	8.38397	2.755
466.9	8.39910	2.932
467.0	8.41887	2.855
467.1	8.42654	2.777
467.2	8.43592	2.701
467.3	8.42636	2.625
467.4	8.41241	2.548
467.5	8.38612	2.473
467.6	8.34900	2.398
467.7	8.30580	2.325
467.8	8.25005	2.251
467.9	8.17561	2.151
468.0	8.08728	2.052
468.1	7.97578	1.951
468.2	7.84976	1.851
468.3	7.70006	1.751
468.4	7.58533	2.121
468.5	7.50263	2.022
468.6	7.39911	1.922
468.7	7.27634	1.822
468.8	7.19567	2.151
468.9	7.12257	2.081
469.0	7.03450	2.012
469.1	6.93750	1.944
469.2	6.82797	1.851
469.3	6.69931	1.750
469.4	6.55027	1.650
469.5	6.38716	1.551
469.6	6.21032	1.981
469.7	6.11737	1.881
469.8	6.00864	1.781
469.9	5.92786	1.999
470.0	5.84746	1.932
470.1	5.75604	1.864
470.2	5.65396	1.798
470.3	5.54420	1.734
470.4	5.42451	1.650
470.5	5.28509	1.550
470.6	5.12884	1.450
470.7	5.04373	2.254
470.8	5.00460	2.180
470.9	5.01925	4.976
471.0	5.07579	4.931
471.1	5.16252	4.843
471.2	5.24923	4.756
471.3	5.33517	4.669
471.4	5.41977	4.584
471.5	5.50312	4.497
471.6	5.58729	4.410
471.7	5.66881	4.325
471.8	5.74837	4.240
471.9	5.82692	4.151
472.0	5.90309	4.051
472.1	5.97662	3.951
472.2	6.04568	3.850
472.3	6.11131	3.750
472.4	6.17455	3.651
472.5	6.23217	3.549
472.6	6.28660	3.450
472.7	6.33649	3.351
472.8	6.38120	3.251
472.9	6.42393	3.641
473.0	6.48429	3.543
473.1	6.53907	3.441
473.2	6.59079	3.342
473.3	6.63504	3.241
473.4	6.67576	3.144
473.5	6.70704	3.043
473.6	6.73319	2.944
473.7	6.77473	3.269
473.8	6.81766	3.190
473.9	6.85385	3.110
474.0	6.88433	3.030
474.1	6.91109	2.951
474.2	6.92828	2.850
474.3	6.93678	2.750
474.4	6.93880	2.649
474.5	6.92800	2.549
474.6	6.90777	2.451
474.7	6.87521	2.351
474.8	6.85712	2.803
474.9	6.87365	3.003
475.0	6.89500	2.924
475.1	6.91071	2.845
475.2	6.92075	2.767
475.3	6.92339	2.689
475.4	6.91817	2.613
475.5	6.90284	2.538
475.6	6.88179	2.450
475.7	6.85461	2.350
475.8	6.80699	2.249
475.9	6.74907	2.151
476.0	6.67531	2.051
476.1	6.58903	1.951
476.2	6.52206	2.383
476.3	6.48485	2.282
476.4	6.43401	2.182
476.5	6.37909	2.357
476.6	6.33906	2.285
476.7	6.29137	2.212
476.8	6.23564	2.140
476.9	6.16879	2.069
477.0	6.09567	2.001
477.1	6.01260	1.931
477.2	5.91693	1.851
477.3	5.80993	1.751
477.4	5.68098	1.651
477.5	5.53663	1.550
477.6	5.37255	1.450
477.7	5.27792	1.853
477.8	5.17876	1.751
477.9	5.06868	1.653
478.0	4.94120	1.553
478.1	4.83735	1.878
478.2	4.75376	1.811
478.3	4.66290	1.747
478.4	4.56261	1.650
478.5	4.44808	1.550
478.6	4.31686	1.451
478.7	4.17091	1.350
478.8	4.07162	1.812
478.9	4.02347	5.026
479.0	4.09421	4.939
479.1	4.13718	4.902
479.2	4.20822	4.814
479.3	4.27798	4.727
479.4	4.34743	4.641
479.5	4.41618	4.550
479.6	4.48430	4.450
479.7	4.55077	4.351
479.8	4.61545	4.250
479.9	4.67844	4.151
480.0	4.73937	4.049
480.1	4.79923	3.950
480.2	4.85620	3.850
480.3	4.90943	3.749
480.4	4.96021	3.650
480.5	5.00967	3.551
480.6	5.06045	4.003
480.7	5.12167	3.904
480.8	5.18069	3.805
480.9	5.23487	3.704
481.0	5.28746	3.603
481.1	5.33762	3.505
481.2	5.38388	3.676
481.3	5.43661	3.594
481.4	5.48524	3.511
481.5	5.53224	3.430
481.6	5.57477	3.347
481.7	5.61516	3.267
481.8	5.65001	3.187
481.9	5.68171	3.107
482.0	5.70742	3.026
482.1	5.72839	2.948
482.2	5.74389	2.851
482.3	5.75087	2.749
482.4	5.75254	2.651
482.5	5.74464	2.551
482.6	5.72731	2.451
482.7	5.70075	2.350
482.8	5.69113	2.912
482.9	5.70476	2.833
483.0	5.71324	2.757
483.1	5.71489	2.674
483.2	5.70875	2.575
483.3	5.69447	2.475
483.4	5.67089	2.376
483.5	5.63662	2.275
483.6	5.59209	2.176
483.7	5.53658	2.076
483.8	5.46545	1.975
483.9	5.38507	1.875
484.0	5.28971	1.776
484.1	5.17603	1.675
484.2	5.16039	2.433
484.3	5.13617	2.334
484.4	5.10243	2.524
484.5	5.08714	2.448
484.6	5.06410	2.375
484.7	5.03587	2.301
484.8	4.99926	2.228
484.9	4.95814	2.151
485.0	4.90646	2.050
485.1	4.84309	1.951
485.2	4.76791	1.849
485.3	4.67906	1.750
485.4	4.57913	1.650
485.5	4.53694	2.114
485.6	4.48510	2.013
485.7	4.42412	1.913
485.8	4.35282	1.814
485.9	4.30027	2.011
486.0	4.24357	1.942
486.1	4.17845	1.874
486.2	4.10660	1.808
486.3	4.02752	1.742
486.4	3.94154	1.650
486.5	3.84127	1.549
486.6	3.72836	1.450
486.7	3.60281	1.349
486.8	3.51576	1.783
486.9	3.44363	1.683
487.0	3.36286	1.584
487.1	3.26945	1.482
487.2	3.32098	4.799
487.3	3.37658	4.712
487.4	3.40747	4.649
487.5	3.46148	4.551
487.6	3.51481	4.450
487.7	3.56734	4.349
487.8	3.61830	4.250
487.9	3.66799	4.150
488.0	3.71684	4.049
488.1	3.76322	3.949
488.2	3.80768	3.849
488.3	3.85087	3.749
488.4	3.90472	4.252
488.5	3.95819	4.152
488.6	4.01070	4.053
488.7	4.06104	3.954
488.8	4.10960	3.854
488.9	4.15446	3.753
489.0	4.19930	3.654
489.1	4.24054	3.554
489.2	4.27754	3.454
489.3	4.32052	3.660
489.4	4.36268	3.578
489.5	4.40251	3.495
489.6	4.43892	3.414
489.7	4.47420	3.332
489.8	4.50558	3.251
489.9	4.53289	3.150
490.0	4.55591	3.049
490.1	4.57387	2.950
490.2	4.58711	2.851
490.3	4.59326	2.750
490.4	4.59499	2.651
490.5	4.58893	2.550
490.6	4.58570	3.035
490.7	4.60241	2.934
490.8	4.61287	2.834
490.9	4.62063	2.734
491.0	4.61940	2.634
491.1	4.61404	2.535
491.2	4.60479	2.710
491.3	4.60355	2.634
491.4	4.59855	2.557
491.5	4.58662	2.482
491.6	4.57050	2.408
491.7	4.54715	2.334
491.8	4.51811	2.250
491.9	4.48076	2.149
492.0	4.43407	2.051
492.1	4.37720	1.951
492.2	4.30838	1.849
492.3	4.24728	2.413
492.4	4.22663	2.322
492.5	4.19731	2.223
492.6	4.16167	2.123
492.7	4.11569	2.023
492.8	4.05972	1.922
492.9	3.99386	1.822
493.0	3.91713	1.722
493.1	3.82922	1.623
493.2	3.72857	1.522
493.3	3.65533	2.490
493.4	3.64273	2.414
493.5	3.62593	2.340
493.6	3.60365	2.266
493.7	3.57674	2.194
493.8	3.54405	2.122
493.9	3.50679	2.051
494.0	3.46324	1.982
494.1	3.41541	1.913
494.2	3.36066	1.845
494.3	3.29986	1.750
494.4	3.23011	1.650
494.5	3.14884	1.549
494.6	3.05957	2.138
494.7	3.02815	2.067
494.8	2.99198	1.996
494.9	2.95124	1.928
495.0	2.90548	1.860
495.1	2.85549	1.794
495.2	2.81865	4.817
495.3	2.86578	4.730
495.4	2.91271	4.644
495.5	2.95908	4.549
495.6	3.00517	4.450
495.7	3.04999	4.350
495.8	3.09360	4.249
495.9	3.13673	4.149
496.0	3.17802	4.050
496.1	3.21781	3.950
496.2	3.25596	3.850
496.3	3.29225	3.749
496.4	3.32732	4.324
496.5	3.37472	4.238
496.6	3.42108	4.153
496.7	3.46675	4.068
496.8	3.51064	3.983
496.9	3.55327	3.899
497.0	3.59449	3.815
497.1	3.63369	3.731
497.2	3.67153	3.649
497.3	3.70772	3.566
497.4	3.74161	3.484
497.5	3.77242	3.401
497.6	3.80135	3.320
497.7	3.82761	3.238
497.8	3.85068	3.158
497.9	3.87237	3.078
498.0	3.88926	2.999
498.1	3.90327	2.920
498.2	3.91353	2.841
498.3	3.91949	2.750
498.4	3.92104	2.650
498.5	3.91661	2.550
498.6	3.90564	2.450
498.7	3.88867	2.349
498.8	3.88548	3.003
498.9	3.89908	2.925
499.0	3.90973	2.847
499.1	3.91658	2.768
499.2	3.91970	2.691
499.3	3.91761	2.614
499.4	3.91169	2.539
499.5	3.90095	2.464
499.6	3.88524	2.389
499.7	3.86543	2.316
499.8	3.83974	2.243
499.9	3.80761	2.149
500.0	3.76857	2.049
500.1	3.72131	1.950
500.2	3.66416	1.850
500.3	3.60242	2.454
500.4	3.58762	2.379
500.5	3.56818	2.306
500.6	3.54402	2.234
500.7	3.51486	2.162
500.8	3.48092	2.091
500.9	3.44139	2.021
501.0	3.39668	1.953
501.1	3.34540	1.885
501.2	3.28944	1.818
501.3	3.22914	1.750
501.4	3.16023	1.650
501.5	3.08122	1.549
501.6	2.99092	1.450
501.7	2.91627	1.975
501.8	2.87422	1.875
501.9	2.82480	1.776
502.0	2.76678	1.676
502.1	2.70053	1.576
502.2	2.62480	1.475
502.3	2.54006	1.376
502.4	2.47788	2.385
502.5	2.46530	2.310
502.6	2.44912	2.237
502.7	2.42935	2.164
502.8	2.40649	2.093
502.9	2.37981	2.022
503.0	2.35322	4.938
503.1	2.39404	4.851
503.2	2.43434	4.764
503.3	2.47483	4.677
503.4	2.51456	4.591
503.5	2.55399	4.504
503.6	2.59305	4.419
503.7	2.63149	4.333
503.8	2.66909	4.247
503.9	2.70583	4.149
504.0	2.74177	4.049
504.1	2.77643	3.949
504.2	2.80952	3.850
504.3	2.84144	3.749
504.4	2.87135	3.650
504.5	2.89964	3.550
504.6	2.92558	3.450
504.7	2.94900	3.349
504.8	2.96990	3.249
504.9	2.98845	3.150
505.0	3.01481	3.877
505.1	3.04958	3.794
505.2	3.08277	3.709
505.3	3.11415	3.626
505.4	3.14440	3.544
505.5	3.17267	3.461
505.6	3.19873	3.380
505.7	3.22265	3.298
505.8	3.24479	3.217
505.9	3.26442	3.137
506.0	3.28101	3.050
506.1	3.29392	2.950
506.2	3.30360	2.850
506.3	3.30985	2.750
506.4	3.31048	2.650
506.5	3.30695	2.550
506.6	3.29792	2.450
506.7	3.30628	3.042
506.8	3.31970	2.962
506.9	3.33036	2.884
507.0	3.33841	2.805
507.1	3.34241	2.728
507.2	3.34245	2.651
507.3	3.33987	2.574
507.4	3.33299	2.499
507.5	3.32215	2.425
507.6	3.30721	2.350
507.7	3.28765	2.277
507.8	3.26356	2.205
507.9	3.23461	2.133
508.0	3.20078	2.050
508.1	3.16075	1.950
508.2	3.11207	1.850
508.3	3.05532	1.750
508.4	3.01222	2.410
508.5	2.99817	2.335
508.6	2.97989	2.263
508.7	2.95718	2.190
508.8	2.93040	2.119
508.9	2.89925	2.049
509.0	2.86373	1.980
509.1	2.82396	1.912
509.2	2.77920	1.845
509.3	2.72850	1.750
509.4	2.67011	1.649
509.5	2.60323	1.550
509.6	2.52764	1.450
509.7	2.49406	2.080
509.8	2.46514	2.011
509.9	2.43278	1.943
510.0	2.39712	1.875
510.1	2.35677	1.808
510.2	2.31268	1.743
510.3	2.26400	1.679
510.4	2.21198	1.618
510.5	2.15553	1.550
510.6	2.09354	1.450
510.7	2.02318	1.349
510.8	1.95377	1.824
510.9	1.91705	1.724
511.0	1.94449	4.900
511.1	1.97779	4.814
511.2	2.01117	4.727
511.3	2.04419	4.640
511.4	2.07685	4.554
511.5	2.10905	4.467
511.6	2.14100	4.381
511.7	2.17235	4.296
511.8	2.20327	4.210
511.9	2.23334	4.125
512.0	2.26283	4.041
512.1	2.29142	3.950
512.2	2.31881	3.850
512.3	2.34486	3.750
512.4	2.36977	3.649
512.5	2.39306	3.550
512.6	2.41439	3.449
512.7	2.43422	3.350
512.8	2.45168	3.249
512.9	2.47517	3.918
513.0	2.50437	3.834
513.1	2.53246	3.751
513.2	2.55914	3.667
513.3	2.58462	3.585
513.4	2.60907	3.503
513.5	2.63170	3.420
513.6	2.65236	3.339
513.7	2.67142	3.258
513.8	2.68889	3.177
513.9	2.70394	3.097
514.0	2.71680	3.018
514.1	2.72732	2.939
514.2	2.73518	2.849
514.3	2.73990	2.749
514.4	2.74116	2.649
514.5	2.73833	2.550
514.6	2.73090	2.450
514.7	2.71942	2.350
514.8	2.70241	2.249
514.9	2.68060	2.150
515.0	2.68416	2.899
515.1	2.69112	2.820
515.2	2.69515	2.742
515.3	2.69638	2.665
515.4	2.69504	2.589
515.5	2.69052	2.512
515.6	2.68244	2.437
515.7	2.67045	2.350
515.8	2.65451	2.250
515.9	2.63331	2.150
516.0	2.60633	2.050
516.1	2.57350	1.950
516.2	2.54173	2.535
516.3	2.53492	2.461
516.4	2.52541	2.385
516.5	2.51232	2.311
516.6	2.49592	2.238
516.7	2.47611	2.167
516.8	2.45243	2.095
516.9	2.42525	2.026
517.0	2.39437	1.957
517.1	2.35970	1.889
517.2	2.32114	1.821
517.3	2.27822	1.750
517.4	2.22958	1.649
517.5	2.17417	1.550
517.6	2.11129	1.450
517.7	2.07066	2.122
517.8	2.04917	2.051
517.9	2.02445	1.983
518.0	1.99617	1.914
518.1	1.96499	1.847
518.2	1.93054	1.781
518.3	1.89312	1.716
518.4	1.85193	1.649
518.5	1.80579	1.549
518.6	1.75368	1.450
518.7	1.69477	1.350
518.8	1.64365	1.970
518.9	1.62059	1.902
519.0	1.59478	1.836
519.1	1.56645	1.770
519.2	1.54235	4.827
519.3	1.56837	4.740
519.4	1.59424	4.649
519.5	1.61979	4.549
519.6	1.64495	4.450
519.7	1.66960	4.349
519.8	1.69383	4.250
519.9	1.71726	4.149
520.0	1.74023	4.050
520.1	1.76220	3.949
520.2	1.78355	3.850
520.3	1.80377	3.750
520.4	1.82309	3.650
520.5	1.84724	4.252
520.6	1.87295	4.167
520.7	1.89804	4.082
520.8	1.92269	3.998
520.9	1.94642	3.913
521.0	1.96947	3.829
521.1	1.99149	3.746
521.2	2.01290	3.662
521.3	2.03301	3.580
521.4	2.05217	3.497
521.5	2.06997	3.415
521.6	2.08625	3.333
521.7	2.10115	3.253
521.8	2.11490	3.172
521.9	2.12674	3.091
522.0	2.13681	3.013
522.1	2.14515	2.933
522.2	2.15160	2.850
522.3	2.15555	2.749
522.4	2.15638	2.650
522.5	2.15416	2.549
522.6	2.14860	2.449
522.7	2.13956	2.349
522.8	2.13248	3.023
522.9	2.14105	2.944
523.0	2.14766	2.865
523.1	2.15212	2.787
523.2	2.15443	2.710
523.3	2.15440	2.633
523.4	2.15197	2.557
523.5	2.14747	2.481
523.6	2.14012	2.407
523.7	2.13008	2.333
523.8	2.11686	2.250
523.9	2.10020	2.150
524.0	2.07896	2.049
524.1	2.05306	1.950
524.2	2.02183	1.850
524.3	1.98542	1.749
524.4	1.96477	2.506
524.5	1.95886	2.431
524.6	1.95038	2.356
524.7	1.93959	2.282
524.8	1.92604	2.209
524.9	1.90965	2.138
525.0	1.89028	2.049
525.1	1.86674	1.950
525.2	1.83857	1.850
525.3	1.80530	1.750
525.4	1.76694	1.649
525.5	1.74796	2.254
525.6	1.73504	2.182
525.7	1.71932	2.110
525.8	1.70096	2.039
525.9	1.68001	1.970
526.0	1.65636	1.901
526.1	1.63003	1.834
526.2	1.60083	1.768
526.3	1.56886	1.704
526.4	1.53403	1.640
526.5	1.49592	1.549
526.6	1.45283	1.450
526.7	1.40401	1.349
526.8	1.35984	2.019
526.9	1.34242	1.950
527.0	1.32291	1.882
527.1	1.30110	1.815
527.2	1.32138	4.841
527.3	1.34382	4.750
527.4	1.36597	4.650
527.5	1.38790	4.550
527.6	1.40950	4.450
527.7	1.43069	4.349
527.8	1.45139	4.249
527.9	1.47163	4.150
528.0	1.49119	4.049
528.1	1.51019	3.950
528.2	1.52839	3.849
528.3	1.54578	3.750
528.4	1.56223	3.650
528.5	1.58475	4.286
528.6	1.60717	4.200
528.7	1.62913	4.115
528.8	1.65063	4.031
528.9	1.67144	3.945
529.0	1.69166	3.861
529.1	1.71105	3.778
529.2	1.72961	3.694
529.3	1.74747	3.611
529.4	1.76429	3.529
529.5	1.78009	3.447
529.6	1.79469	3.365
529.7	1.80834	3.283
529.8	1.82046	3.202
529.9	1.83141	3.122
530.0	1.84086	3.043
530.1	1.84859	2.950
530.2	1.85408	2.850
530.3	1.85763	2.749
530.4	1.85844	2.650
530.5	1.85666	2.549
530.6	1.85202	2.450
530.7	1.84419	2.349
530.8	1.84616	2.960
530.9	1.85219	2.881
531.0	1.85644	2.803
531.1	1.85902	2.726
531.2	1.85951	2.649
531.3	1.85794	2.573
531.4	1.85454	2.497
531.5	1.84867	2.422
531.6	1.84049	2.348
531.7	1.82995	2.275
531.8	1.81667	2.203
531.9	1.80094	2.132
532.0	1.78263	2.050
532.1	1.76048	1.949
532.2	1.73385	1.849
532.3	1.70266	1.749
532.4	1.66664	1.650
532.5	1.65282	2.346
532.6	1.64342	2.273
532.7	1.63167	2.201
532.8	1.61758	2.129
532.9	1.60107	2.059
533.0	1.58217	1.990
533.1	1.56059	1.921
533.2	1.53658	1.849
533.3	1.50912	1.749
533.4	1.47729	1.650
533.5	1.44074	1.550
533.6	1.39932	1.450
533.7	1.37526	2.221
533.8	1.36401	2.149
533.9	1.35075	2.078
534.0	1.33540	2.008
534.1	1.31788	1.938
534.2	1.29798	1.850
534.3	1.27497	1.749
534.4	1.24802	1.649
534.5	1.21721	1.550
534.6	1.18425	2.140
534.7	1.17255	2.068
534.8	1.15899	1.998
534.9	1.14360	1.929
535.0	1.12638	1.862
535.1	1.10715	1.795
535.2	1.12347	4.749
535.3	1.14208	4.662
535.4	1.16055	4.575
535.5	1.17880	4.489
535.6	1.19682	4.403
535.7	1.21457	4.318
535.8	1.23203	4.232
535.9	1.24914	4.147
536.0	1.26581	4.050
536.1	1.28192	3.949
536.2	1.29740	3.850
536.3	1.31216	3.749
536.4	1.32615	3.649
536.5	1.33930	3.550
536.6	1.35150	3.450
536.7	1.36260	3.349
536.8	1.37257	3.250
536.9	1.38701	3.984
537.0	1.40410	3.899
537.1	1.42063	3.815
537.2	1.43654	3.731
537.3	1.45176	3.648
537.4	1.46620	3.565
537.5	1.47984	3.483
537.6	1.49251	3.401
537.7	1.50427	3.319
537.8	1.51504	3.237
537.9	1.52454	3.149
538.0	1.53267	3.050
538.1	1.53922	2.950
538.2	1.54402	2.850
538.3	1.54682	2.750
538.4	1.54774	2.649
538.5	1.54632	2.550
538.6	1.54250	2.450
538.7	1.54449	3.089
538.8	1.55182	3.008
538.9	1.55791	2.930
539.0	1.56247	2.851
539.1	1.56560	2.773
539.2	1.56724	2.695
539.3	1.56715	2.619
539.4	1.56514	2.543
539.5	1.56153	2.468
539.6	1.55601	2.393
539.7	1.54833	2.319
539.8	1.53854	2.246
539.9	1.52633	2.149
540.0	1.51095	2.050
540.1	1.49234	1.950
540.2	1.46979	1.849
540.3	1.44338	1.749
540.4	1.42611	2.365
540.5	1.41840	2.292
540.6	1.40875	2.219
540.7	1.39728	2.148
540.8	1.38357	2.077
540.9	1.36784	2.007
541.0	1.34994	1.938
541.1	1.32985	1.871
541.2	1.30758	1.805
541.3	1.28309	1.740
541.4	1.25592	1.650
541.5	1.22498	1.550
541.6	1.18960	1.449
541.7	1.14985	1.349
541.8	1.13015	2.055
541.9	1.11680	1.985
542.0	1.10165	1.917
542.1	1.08466	1.850
542.2	1.06589	1.784
542.3	1.04535	1.719
542.4	1.02287	1.650
542.5	0.99759	1.549
542.6	0.96892	1.449
542.7	0.93655	1.350
542.8	0.91276	2.128
542.9	0.90501	5.003
543.0	0.91742	4.958
543.1	0.93346	4.871
543.2	0.94944	4.783
543.3	0.96532	4.697
543.4	0.98111	4.609
543.5	0.99672	4.524
543.6	1.01215	4.438
543.7	1.02736	4.349
543.8	1.04227	4.250
543.9	1.05679	4.149
544.0	1.07094	4.049
544.1	1.08464	3.950
544.2	1.09772	3.850
544.3	1.11023	3.749
544.4	1.12211	3.650
544.5	1.13319	3.549
544.6	1.14358	3.450
544.7	1.15296	3.349
544.8	1.16479	3.966
544.9	1.17902	3.882
545.0	1.19284	3.798
545.1	1.20607	3.715
545.2	1.21869	3.632
545.3	1.23065	3.549
545.4	1.24200	3.467
545.5	1.25246	3.385
545.6	1.26214	3.304
545.7	1.27100	3.223
545.8	1.27896	3.142
545.9	1.28587	3.062
546.0	1.29169	2.983
546.1	1.29639	2.904
546.2	1.29992	2.826
546.3	1.30212	2.748
546.4	1.30292	2.649
546.5	1.30176	2.549
546.6	1.29853	2.450
546.7	1.29319	2.349
546.8	1.28556	2.249
546.9	1.27547	2.149
547.0	1.27776	2.902
547.1	1.28128	2.823
547.2	1.28339	2.745
547.3	1.28418	2.668
547.4	1.28364	2.591
547.5	1.28165	2.515
547.6	1.27807	2.440
547.7	1.27281	2.350
547.8	1.26536	2.249
547.9	1.25533	2.149
548.0	1.24279	2.050
548.1	1.22730	1.949
548.2	1.20897	1.850
548.3	1.19656	2.495
548.4	1.19290	2.420
548.5	1.18770	2.346
548.6	1.18091	2.273
548.7	1.17244	2.200
548.8	1.16238	2.129
548.9	1.15053	2.058
549.0	1.13691	1.989
549.1	1.12159	1.920
549.2	1.10439	1.849
549.3	1.08468	1.749
549.4	1.06185	1.649
549.5	1.03561	1.549
549.6	1.00580	1.449
549.7	0.98431	2.071
549.8	0.97302	2.001
549.9	0.96025	1.933
550.0	0.94589	1.865
550.1	0.92991	1.799
550.2	0.91240	1.734
550.3	0.89322	1.670
550.4	0.87257	1.608
550.5	0.85027	1.547
550.6	0.82590	1.449
550.7	0.79833	1.349
550.8	0.76748	1.249
550.9	0.73823	1.947
551.0	0.73594	5.005
551.1	0.74897	4.917
551.2	0.76196	4.830
551.3	0.77487	4.743
551.4	0.78768	4.650
551.5	0.80035	4.549
551.6	0.81281	4.449
551.7	0.82510	4.350
551.8	0.83709	4.250
551.9	0.84879	4.149
552.0	0.86012	4.049
552.1	0.87111	3.950
552.2	0.88167	3.850
552.3	0.89174	3.749
552.4	0.90125	3.649
552.5	0.91026	3.550
552.6	0.92049	3.925
552.7	0.93265	4.112
552.8	0.94493	4.027
552.9	0.95691	3.943
553.0	0.96848	3.859
553.1	0.97968	3.775
553.2	0.99041	3.692
553.3	1.00059	3.609
553.4	1.01032	3.527
553.5	1.01940	3.444
553.6	1.02785	3.362
553.7	1.03564	3.281
553.8	1.04269	3.200
553.9	1.04896	3.120
554.0	1.05437	3.040
554.1	1.05890	2.949
554.2	1.06223	2.850
554.3	1.06432	2.749
554.4	1.06490	2.649
554.5	1.06395	2.549
554.6	1.06146	2.449
554.7	1.05714	2.350
554.8	1.05097	2.964
554.9	1.05459	2.886
555.0	1.05725	2.807
555.1	1.05885	2.730
555.2	1.05931	2.653
555.3	1.05870	2.577
555.4	1.05681	2.501
555.5	1.05362	2.426
555.6	1.04927	2.352
555.7	1.04339	2.279
555.8	1.03609	2.207
555.9	1.02744	2.135
556.0	1.01706	2.049
556.1	1.00448	1.949
556.2	0.98943	1.849
556.3	0.97183	1.749
556.4	0.95138	1.649
556.5	0.94681	2.417
556.6	0.94263	2.342
556.7	0.93722	2.269
556.8	0.93048	2.196
556.9	0.92250	2.125
557.0	0.91309	2.049
557.1	0.90180	1.949
557.2	0.88830	1.850
557.3	0.87241	1.749
557.4	0.85406	1.650
557.5	0.83296	1.549
557.6	0.82231	1.935
557.7	0.81498	2.136
557.8	0.80689	2.065
557.9	0.79755	1.996
558.0	0.78695	1.927
558.1	0.77508	1.859
558.2	0.76188	1.793
558.3	0.74744	1.728
558.4	0.73155	1.649
558.5	0.71354	1.549
558.6	0.69304	1.449
558.7	0.66996	1.349
558.8	0.64564	1.708
558.9	0.63648	1.895
559.0	0.62633	1.829
559.1	0.61511	1.763
559.2	0.61665	4.809
559.3	0.62705	4.722
559.4	0.63738	4.635
559.5	0.64762	4.548
559.6	0.65772	4.449
559.7	0.66763	4.349
559.8	0.67736	4.249
559.9	0.68682	4.149
560.0	0.69603	4.050
560.1	0.70491	3.949
560.2	0.71346	3.850
560.3	0.72162	3.749
560.4	0.72936	3.649
560.5	0.73665	3.550
560.6	0.74337	3.449
560.7	0.75200	3.869
560.8	0.76098	4.074
560.9	0.77084	3.989
561.0	0.78043	3.905
561.1	0.78969	3.820
561.2	0.79861	3.737
561.3	0.80715	3.654
561.4	0.81524	3.571
561.5	0.82290	3.488
561.6	0.83004	3.407
561.7	0.83670	3.325
561.8	0.84278	3.244
561.9	0.84818	3.149
562.0	0.85276	3.049
562.1	0.85648	2.949
562.2	0.85915	2.849
562.3	0.86086	2.749
562.4	0.86134	2.649
562.5	0.86064	2.550
562.6	0.85858	2.449
562.7	0.85987	2.856
562.8	0.86160	2.755
562.9	0.86360	2.942
563.0	0.86635	2.864
563.1	0.86830	2.785
563.2	0.86936	2.708
563.3	0.86953	2.631
563.4	0.86873	2.555
563.5	0.86691	2.479
563.6	0.86404	2.405
563.7	0.86010	2.331
563.8	0.85498	2.249
563.9	0.84827	2.149
564.0	0.83981	2.049
564.1	0.82943	1.949
564.2	0.81710	1.849
564.3	0.80250	1.749
564.4	0.79247	2.128
564.5	0.78772	2.308
564.6	0.78269	2.235
564.7	0.77657	2.163
564.8	0.76936	2.092
564.9	0.76094	2.022
565.0	0.75135	1.953
565.1	0.74053	1.886
565.2	0.72850	1.819
565.3	0.71522	1.749
565.4	0.70025	1.649
565.5	0.68300	1.549
565.6	0.66339	1.449
565.7	0.64891	2.214
565.8	0.64354	2.142
565.9	0.63725	2.070
566.0	0.62997	2.001
566.1	0.62172	1.931
566.2	0.61236	1.849
566.3	0.60148	1.749
566.4	0.58883	1.649
566.5	0.57434	1.549
566.6	0.55788	1.449
566.7	0.54768	1.866
566.8	0.53824	1.766
566.9	0.53033	1.962
567.0	0.52285	1.893
567.1	0.51449	1.826
567.2	0.52337	4.817
567.3	0.53222	4.730
567.4	0.54102	4.643
567.5	0.54972	4.550
567.6	0.55830	4.450
567.7	0.56673	4.349
567.8	0.57499	4.250
567.9	0.58304	4.149
568.0	0.59084	4.049
568.1	0.59839	3.949
568.2	0.60566	3.850
568.3	0.61259	3.750
568.4	0.61915	3.649
568.5	0.62532	3.549
568.6	0.63219	3.949
568.7	0.63999	4.108
568.8	0.64843	4.023
568.9	0.65665	3.939
569.0	0.66461	3.854
569.1	0.67227	3.771
569.2	0.67961	3.687
569.3	0.68663	3.604
569.4	0.69327	3.522
569.5	0.69950	3.439
569.6	0.70530	3.358
569.7	0.71064	3.276
569.8	0.71549	3.195
569.9	0.71976	3.115
570.0	0.72350	3.035
570.1	0.72660	2.949
570.2	0.72889	2.849
570.3	0.73035	2.750
570.4	0.73078	2.649
570.5	0.73019	2.549
570.6	0.72846	2.449
570.7	0.72555	2.349
570.8	0.72192	2.800
570.9	0.72286	2.700
571.0	0.72280	2.600
571.1	0.72319	2.812
571.2	0.72436	2.735
571.3	0.72479	2.658
571.4	0.72443	2.581
571.5	0.72321	2.505
571.6	0.72111	2.430
571.7	0.71814	2.349
571.8	0.71396	2.249
571.9	0.70840	2.149
572.0	0.70136	2.049
572.1	0.69271	1.949
572.2	0.68236	1.849
572.3	0.67441	2.286
572.4	0.66972	2.186
572.5	0.66357	2.086
572.6	0.65798	2.276
572.7	0.65339	2.204
572.8	0.64791	2.132
572.9	0.64143	2.062
573.0	0.63399	1.992
573.1	0.62554	1.924
573.2	0.61604	1.849
573.3	0.60509	1.749
573.4	0.59241	1.649
573.5	0.57782	1.549
573.6	0.56125	1.449
573.7	0.54978	1.859
573.8	0.54019	1.759
573.9	0.53221	1.893
574.0	0.52344	1.793
574.1	0.51321	1.693
574.2	0.50140	1.592
574.3	0.48794	1.492
574.4	0.47272	1.393
574.5	0.45560	1.293
574.6	0.44107	2.010
574.7	0.43523	1.910
574.8	0.42893	2.114
574.9	0.42447	2.043
575.0	0.42919	4.950
575.1	0.43384	4.917
575.2	0.44138	4.829
575.3	0.44887	4.742
575.4	0.45630	4.649
575.5	0.46366	4.549
575.6	0.47090	4.449
575.7	0.47802	4.349
575.8	0.48497	4.249
575.9	0.49176	4.149
576.0	0.49836	4.050
576.1	0.50474	3.949
576.2	0.51085	3.849
576.3	0.51671	3.749
576.4	0.52227	3.650
576.5	0.52824	4.134
576.6	0.53526	4.034
576.7	0.54206	3.934
576.8	0.54859	3.834
576.9	0.55481	3.734
577.0	0.56068	3.634
577.1	0.56621	3.534
577.2	0.57131	3.434
577.3	0.57599	3.334
577.4	0.58018	3.234
577.5	0.58385	3.134
577.6	0.58693	3.034
577.7	0.59078	3.334
577.8	0.59512	3.249
577.9	0.59895	3.149
578.0	0.60222	3.049
578.1	0.60484	2.949
578.2	0.60677	2.849
578.3	0.60795	2.749
578.4	0.60835	2.649
578.5	0.60786	2.549
578.6	0.60782	2.980
578.7	0.60997	2.880
578.8	0.61140	2.780
578.9	0.61206	2.680
579.0	0.61265	2.845
579.1	0.61391	2.767
579.2	0.61453	2.689
579.3	0.61452	2.613
579.4	0.61378	2.537
579.5	0.61236	2.461
579.6	0.61016	2.387
579.7	0.60716	2.313
579.8	0.60339	2.240
579.9	0.59869	2.149
580.0	0.59275	2.049
580.1	0.58544	1.949
580.2	0.57672	1.849
580.3	0.56646	1.749
580.4	0.55729	2.231
580.5	0.55273	2.131
580.6	0.54705	2.031
580.7	0.54071	2.237
580.8	0.53653	2.165
580.9	0.53158	2.094
581.0	0.52581	2.024
581.1	0.51920	1.949
581.2	0.51146	1.849
581.3	0.50236	1.749
581.4	0.49184	1.649
581.5	0.47974	1.549
581.6	0.46961	2.017
581.7	0.46349	1.917
581.8	0.45617	1.817
581.9	0.44760	1.717
582.0	0.44108	1.921
582.1	0.43438	1.853
582.2	0.42693	1.787
582.3	0.41876	1.722
582.4	0.40984	1.649
582.5	0.39978	1.549
582.6	0.38834	1.449
582.7	0.37542	1.349
582.8	0.36573	1.921
582.9	0.36000	1.821
583.0	0.35329	1.720
583.1	0.35700	4.880
583.2	0.36313	4.793
583.3	0.36925	4.706
583.4	0.37531	4.619
583.5	0.38132	4.533
583.6	0.38726	4.447
583.7	0.39310	4.349
583.8	0.39883	4.249
583.9	0.40442	4.149
584.0	0.40984	4.049
584.1	0.41509	3.949
584.2	0.42013	3.849
584.3	0.42495	3.749
584.4	0.42951	3.649
584.5	0.43380	3.549
584.6	0.43778	3.449
584.7	0.44155	3.952
584.8	0.44690	3.852
584.9	0.45205	3.752
585.0	0.45692	3.652
585.1	0.46147	3.552
585.2	0.46573	3.452
585.3	0.46962	3.352
585.4	0.47396	3.565
585.5	0.47841	3.483
585.6	0.48257	3.402
585.7	0.48642	3.320
585.8	0.48994	3.239
585.9	0.49309	3.149
586.0	0.49575	3.049
586.1	0.49793	2.949
586.2	0.49956	2.849
586.3	0.50052	2.749
586.4	0.50085	2.649
586.5	0.50046	2.549
586.6	0.49930	2.450
586.7	0.49730	2.349
586.8	0.49800	2.755
586.9	0.49835	2.655
587.0	0.49802	2.555
587.1	0.49690	2.455
587.2	0.49495	2.355
587.3	0.49441	2.695
587.4	0.49444	2.618
587.5	0.49392	2.542
587.6	0.49276	2.449
587.7	0.49080	2.349
587.8	0.48794	2.249
587.9	0.48416	2.149
588.0	0.47935	2.049
588.1	0.47346	1.949
588.2	0.47019	2.411
588.3	0.46799	2.311
588.4	0.46493	2.211
588.5	0.46095	2.111
588.6	0.45671	2.275
588.7	0.45353	2.202
588.8	0.44970	2.131
588.9	0.44520	2.060
589.0	0.44002	1.991
589.1	0.43414	1.922
589.2	0.42755	1.849
589.3	0.41996	1.749
589.4	0.41116	1.649
589.5	0.40105	1.549
589.6	0.38956	1.449
589.7	0.38175	1.962
589.8	0.37621	1.862
589.9	0.36969	1.762
590.0	0.36210	1.662
590.1	0.35686	1.893
590.2	0.35118	1.827
590.3	0.34486	1.749
590.4	0.33763	1.649
590.5	0.32935	1.549
590.6	0.31992	1.449
590.7	0.31008	2.034
590.8	0.30628	1.965
590.9	0.30200	1.897
591.0	0.29722	1.830
591.1	0.29193	1.764
591.2	0.29254	4.819
591.3	0.29749	4.732
591.4	0.30241	4.645
591.5	0.30728	4.550
591.6	0.31209	4.449
591.7	0.31681	4.349
591.8	0.32142	4.249
591.9	0.32593	4.149
592.0	0.33031	4.050
592.1	0.33453	3.949
592.2	0.33861	3.850
592.3	0.34248	3.750
592.4	0.34636	4.336
592.5	0.35140	4.251
592.6	0.35634	4.165
592.7	0.36117	4.081
592.8	0.36588	3.996
592.9	0.37046	3.911
593.0	0.37489	3.827
593.1	0.37915	3.744
593.2	0.38323	3.660
593.3	0.38712	3.578
593.4	0.39080	3.495
593.5	0.39424	3.413
593.6	0.39743	3.332
593.7	0.40035	3.251
593.8	0.40299	3.170
593.9	0.40531	3.090
594.0	0.40731	3.010
594.1	0.40896	2.931
594.2	0.41024	2.849
594.3	0.41105	2.749
594.4	0.41132	2.649
594.5	0.41100	2.549
594.6	0.41006	2.449
594.7	0.40842	2.349
594.8	0.40642	3.005
594.9	0.40804	2.926
595.0	0.40929	2.847
595.1	0.41015	2.770
595.2	0.41060	2.692
595.3	0.41061	2.616
595.4	0.41016	2.540
595.5	0.40923	2.465
595.6	0.40780	2.390
595.7	0.40585	2.316
595.8	0.40336	2.244
595.9	0.40023	2.149
596.0	0.39627	2.049
596.1	0.39141	1.949
596.2	0.38559	1.849
596.3	0.37874	1.749
596.4	0.37080	1.649
596.5	0.36927	2.396
596.6	0.36755	2.322
596.7	0.36533	2.249
596.8	0.36260	2.177
596.9	0.35936	2.105
597.0	0.35556	2.035
597.1	0.35117	1.949
597.2	0.34596	1.849
597.3	0.33981	1.749
597.4	0.33270	1.649
597.5	0.32638	2.238
597.6	0.32387	2.166
597.7	0.32089	2.095
597.8	0.31743	2.024
597.9	0.31347	1.955
598.0	0.30899	1.887
598.1	0.30401	1.820
598.2	0.29851	1.754
598.3	0.29249	1.690
598.4	0.28595	1.627
598.5	0.27886	1.549
598.6	0.27089	1.449
598.7	0.26188	1.349
598.8	0.25178	1.249
598.9	0.24824	1.931
599.0	0.24454	1.863
599.1	0.24095	4.898
599.2	0.24484	4.833
599.3	0.24901	4.746
599.4	0.25314	4.649
599.5	0.25722	4.549
599.6	0.26124	4.449
599.7	0.26519	4.349
599.8	0.26906	4.250
599.9	0.27283	4.150
600.0	0.27650	4.049
600.1	0.28004	3.949
600.2	0.28345	3.850
600.3	0.28670	3.750
600.4	0.29054	4.373
600.5	0.29483	4.287
600.6	0.29904	4.202
600.7	0.30316	4.117
600.8	0.30718	4.032
600.9	0.31110	3.947
601.0	0.31489	3.863
601.1	0.31855	3.779
601.2	0.32206	3.696
601.3	0.32542	3.613
601.4	0.32860	3.530
601.5	0.33159	3.448
601.6	0.33438	3.366
601.7	0.33695	3.284
601.8	0.33928	3.204
601.9	0.34136	3.123
602.0	0.34317	3.043
602.1	0.34467	2.949
602.2	0.34578	2.849
602.3	0.34647	2.749
602.4	0.34670	2.649
602.5	0.34643	2.549
602.6	0.34563	2.449
602.7	0.34505	3.044
602.8	0.34658	2.965
602.9	0.34781	2.886
603.0	0.34870	2.808
603.1	0.34926	2.730
603.2	0.34946	2.653
603.3	0.34927	2.577
603.4	0.34869	2.501
603.5	0.34768	2.426
603.6	0.34624	2.352
603.7	0.34435	2.279
603.8	0.34199	2.207
603.9	0.33914	2.135
604.0	0.33576	2.049
604.1	0.33164	1.949
604.2	0.32671	1.849
604.3	0.32092	1.749
604.4	0.31419	1.649
604.5	0.31197	2.333
604.6	0.31016	2.261
604.7	0.30793	2.188
604.8	0.30524	2.117
604.9	0.30211	2.047
605.0	0.29850	1.978
605.1	0.29442	1.910
605.2	0.28986	1.842
605.3	0.28471	1.749
605.4	0.27875	1.649
605.5	0.27191	1.549
605.6	0.26413	1.449
605.7	0.25591	2.187
605.8	0.25368	2.115
605.9	0.25106	2.044
606.0	0.24805	1.975
606.1	0.24464	1.906
606.2	0.24083	1.839
606.3	0.23655	1.749
606.4	0.23160	1.649
606.5	0.22592	1.549
606.6	0.21946	1.449
606.7	0.21577	2.054
606.8	0.21324	1.984
606.9	0.21037	1.916
607.0	0.20715	1.848
607.1	0.20358	1.782
607.2	0.20631	4.774
607.3	0.20977	4.687
607.4	0.21320	4.601
607.5	0.21659	4.514
607.6	0.21995	4.428
607.7	0.22326	4.342
607.8	0.22651	4.250
607.9	0.22969	4.149
608.0	0.23277	4.049
608.1	0.23576	3.949
608.2	0.23863	3.849
608.3	0.24137	3.749
608.4	0.24396	3.650
608.5	0.24640	3.549
608.6	0.24867	3.449
608.7	0.25075	3.350
608.8	0.25299	4.058
608.9	0.25626	3.974
609.0	0.25943	3.890
609.1	0.26250	3.805
609.2	0.26544	3.722
609.3	0.26826	3.639
609.4	0.27094	3.556
609.5	0.27346	3.473
609.6	0.27582	3.391
609.7	0.27801	3.310
609.8	0.28000	3.229
609.9	0.28178	3.148
610.0	0.28333	3.049
610.1	0.28457	2.949
610.2	0.28549	2.849
610.3	0.28606	2.749
610.4	0.28626	2.649
610.5	0.28604	2.549
610.6	0.28538	2.449
610.7	0.28678	3.088
610.8	0.28819	3.009
610.9	0.28936	2.930
611.0	0.29026	2.851
611.1	0.29089	2.773
611.2	0.29122	2.695
611.3	0.29125	2.619
611.4	0.29094	2.542
611.5	0.29030	2.467
611.6	0.28930	2.393
611.7	0.28793	2.319
611.8	0.28619	2.246
611.9	0.28397	2.149
612.0	0.28116	2.049
612.1	0.27772	1.949
612.2	0.27360	1.849
612.3	0.26875	1.749
612.4	0.26738	2.368
612.5	0.26600	2.295
612.6	0.26425	2.222
612.7	0.26214	2.150
612.8	0.25965	2.080
612.9	0.25675	2.010
613.0	0.25346	1.941
613.1	0.24976	1.874
613.2	0.24564	1.807
613.3	0.24110	1.742
613.4	0.23605	1.649
613.5	0.23026	1.549
613.6	0.22367	1.449
613.7	0.21624	1.349
613.8	0.21279	2.042
613.9	0.21023	1.973
614.0	0.20734	1.905
614.1	0.20410	1.838
614.2	0.20052	1.772
614.3	0.19660	1.708
614.4	0.19233	1.645
614.5	0.18761	1.549
614.6	0.18225	1.449
614.7	0.17619	1.349
614.8	0.16941	1.249
614.9	0.16639	2.020
615.0	0.16800	4.977
615.1	0.17096	4.890
615.2	0.17391	4.803
615.3	0.17684	4.715
615.4	0.17976	4.629
615.5	0.18265	4.542
615.6	0.18550	4.449
615.7	0.18831	4.349
615.8	0.19106	4.249
615.9	0.19373	4.149
616.0	0.19634	4.049
616.1	0.19886	3.949
616.2	0.20128	3.850
616.3	0.20359	3.749
616.4	0.20578	3.650
616.5	0.20783	3.549
616.6	0.21010	4.156
616.7	0.21294	4.070
616.8	0.21571	3.986
616.9	0.21840	3.902
617.0	0.22100	3.818
617.1	0.22350	3.734
617.2	0.22589	3.651
617.3	0.22817	3.568
617.4	0.23032	3.486
617.5	0.23233	3.404
617.6	0.23420	3.322
617.7	0.23590	3.241
617.8	0.23744	3.160
617.9	0.23879	3.081
618.0	0.23996	3.001
618.1	0.24090	2.922
618.2	0.24164	2.843
618.3	0.24212	2.749
618.4	0.24228	2.649
618.5	0.24210	2.549
618.6	0.24155	2.449
618.7	0.24059	2.349
618.8	0.23921	2.249
618.9	0.23736	2.149
619.0	0.23785	2.883
619.1	0.23846	2.805
619.2	0.23884	2.727
619.3	0.23896	2.650
619.4	0.23883	2.574
619.5	0.23842	2.498
619.6	0.23772	2.423
619.7	0.23673	2.349
619.8	0.23536	2.249
619.9	0.23354	2.149
620.0	0.23124	2.049
620.1	0.22841	1.949
620.2	0.22502	1.849
620.3	0.22296	2.489
620.4	0.22228	2.414
620.5	0.22131	2.340
620.6	0.22006	2.267
620.7	0.21849	2.195
620.8	0.21663	2.123
620.9	0.21443	2.053
621.0	0.21191	1.983
621.1	0.20905	1.915
621.2	0.20585	1.848
621.3	0.20220	1.749
621.4	0.19797	1.649
621.5	0.19311	1.549
621.6	0.18759	1.449
621.7	0.18463	2.071
621.8	0.18254	2.001
621.9	0.18017	1.933
622.0	0.17750	1.865
622.1	0.17453	1.799
622.2	0.17126	1.734
622.3	0.16769	1.670
622.4	0.16383	1.608
622.5	0.15968	1.547
622.6	0.15511	1.449
622.7	0.14996	1.349
622.8	0.14418	1.249
622.9	0.13874	1.933
623.0	0.13669	1.865
623.1	0.13748	4.923
623.2	0.13988	4.836
623.3	0.14226	4.749
623.4	0.14462	4.649
623.5	0.14695	4.549
623.6	0.14925	4.449
623.7	0.15151	4.350
623.8	0.15372	4.249
623.9	0.15588	4.150
624.0	0.15797	4.049
624.1	0.16000	3.949
624.2	0.16195	3.849
624.3	0.16381	3.749
624.4	0.16557	3.650
624.5	0.16782	4.295
624.6	0.17022	4.209
624.7	0.17258	4.124
624.8	0.17488	4.039
624.9	0.17712	3.955
625.0	0.17929	3.871
625.1	0.18138	3.787
625.2	0.18340	3.703
625.3	0.18532	3.620
625.4	0.18715	3.538
625.5	0.18887	3.455
625.6	0.19047	3.374
625.7	0.19194	3.292
625.8	0.19329	3.211
625.9	0.19449	3.131
626.0	0.19554	3.049
626.1	0.19640	2.949
626.2	0.19704	2.849
626.3	0.19743	2.749
626.4	0.19757	2.649
626.5	0.19743	2.549
626.6	0.19697	2.449
626.7	0.19619	2.349
626.8	0.19700	2.976
626.9	0.19772	2.897
627.0	0.19826	2.819
627.1	0.19861	2.741
627.2	0.19876	2.664
627.3	0.19868	2.587
627.4	0.19839	2.512
627.5	0.19786	2.437
627.6	0.19707	2.362
627.7	0.19604	2.289
627.8	0.19474	2.217
627.9	0.19316	2.145
628.0	0.19125	2.049
628.1	0.18891	1.949
628.2	0.18611	1.849
628.3	0.18282	1.749
628.4	0.17899	1.649
628.5	0.17704	2.391
628.6	0.17620	2.317
628.7	0.17512	2.244
628.8	0.17380	2.172
628.9	0.17223	2.100
629.0	0.17040	2.030
629.1	0.16829	1.949
629.2	0.16579	1.849
629.3	0.16286	1.749
629.4	0.15945	1.649
629.5	0.15554	1.549
629.6	0.15310	2.198
629.7	0.15180	2.127
629.8	0.15027	2.056
629.9	0.14852	1.987
630.0	0.14653	1.918
630.1	0.14430	1.851
630.2	0.14182	1.785
630.3	0.13911	1.720
630.4	0.13614	1.649
630.5	0.13280	1.549
630.6	0.12901	1.449
630.7	0.12472	1.349
630.8	0.12074	1.962
630.9	0.11905	1.894
631.0	0.11716	1.827
631.1	0.11507	1.762
631.2	0.11536	4.816
631.3	0.11731	4.729
631.4	0.11925	4.642
631.5	0.12118	4.550
631.6	0.12307	4.450
631.7	0.12493	4.349
631.8	0.12676	4.249
631.9	0.12854	4.149
632.0	0.13026	4.049
632.1	0.13193	3.949
632.2	0.13354	3.849
632.3	0.13508	3.750
632.4	0.13653	3.649
632.5	0.13790	3.550
632.6	0.13917	3.450
632.7	0.14092	4.149
632.8	0.14282	4.064
632.9	0.14467	3.980
633.0	0.14647	3.896
633.1	0.14821	3.812
633.2	0.14988	3.728
633.3	0.15148	3.645
633.4	0.15300	3.562
633.5	0.15444	3.480
633.6	0.15578	3.398
633.7	0.15703	3.316
633.8	0.15816	3.235
633.9	0.15918	3.149
634.0	0.16005	3.049
634.1	0.16076	2.949
634.2	0.16128	2.849
634.3	0.16161	2.749
634.4	0.16172	2.649
634.5	0.16160	2.549
634.6	0.16123	2.449
634.7	0.16134	3.100
634.8	0.16216	3.020
634.9	0.16284	2.941
635.0	0.16338	2.862
635.1	0.16376	2.784
635.2	0.16397	2.707
635.3	0.16401	2.630
635.4	0.16387	2.554
635.5	0.16355	2.479
635.6	0.16302	2.404
635.7	0.16228	2.330
635.8	0.16133	2.249
635.9	0.16009	2.149
636.0	0.15851	2.049
636.1	0.15657	1.949
636.2	0.15425	1.849
636.3	0.15152	1.749
636.4	0.15049	2.383
636.5	0.14975	2.309
636.6	0.14882	2.236
636.7	0.14767	2.164
636.8	0.14631	2.093
636.9	0.14473	2.024
637.0	0.14293	1.955
637.1	0.14090	1.887
637.2	0.13863	1.821
637.3	0.13613	1.749
637.4	0.13328	1.649
637.5	0.13001	1.549
637.6	0.12630	1.449
637.7	0.12210	1.349
637.8	0.12058	2.109
637.9	0.11932	2.038
638.0	0.11788	1.969
638.1	0.11625	1.900
638.2	0.11442	1.833
638.3	0.11238	1.749
638.4	0.11003	1.649
638.5	0.10734	1.549
638.6	0.10427	1.449
638.7	0.10084	2.088
638.8	0.09974	2.018
638.9	0.09848	1.949
639.0	0.09707	1.881
639.1	0.09616	4.913
639.2	0.09783	4.826
639.3	0.09949	4.739
639.4	0.10114	4.649
639.5	0.10278	4.549
639.6	0.10438	4.449
639.7	0.10596	4.349
639.8	0.10751	4.249
639.9	0.10902	4.149
640.0	0.11049	4.050
640.1	0.11190	3.949
640.2	0.11327	3.850
640.3	0.11457	3.749
640.4	0.11580	3.650
640.5	0.11696	3.549
640.6	0.11856	4.196
640.7	0.12020	4.110
640.8	0.12179	4.026
640.9	0.12334	3.941
641.0	0.12484	3.857
641.1	0.12629	3.773
641.2	0.12768	3.690
641.3	0.12900	3.607
641.4	0.13026	3.524
641.5	0.13144	3.442
641.6	0.13254	3.360
641.7	0.13356	3.279
641.8	0.13448	3.198
641.9	0.13530	3.117
642.0	0.13601	3.037
642.1	0.13660	2.949
642.2	0.13704	2.849
642.3	0.13732	2.749
642.4	0.13742	2.649
642.5	0.13732	2.549
642.6	0.13700	2.449
642.7	0.13646	2.349
642.8	0.13568	2.249
642.9	0.13541	2.956
643.0	0.13588	2.877
643.1	0.13622	2.799
643.2	0.13643	2.722
643.3	0.13649	2.645
643.4	0.13641	2.568
643.5	0.13617	2.493
643.6	0.13576	2.418
643.7	0.13518	2.344
643.8	0.13440	2.249
643.9	0.13337	2.149
644.0	0.13205	2.049
644.1	0.13044	1.949
644.2	0.12851	1.849
644.3	0.12623	1.749
644.4	0.12558	2.420
644.5	0.12505	2.346
644.6	0.12436	2.272
644.7	0.12349	2.200
644.8	0.12245	2.129
644.9	0.12123	2.058
645.0	0.11982	1.989
645.1	0.11822	1.921
645.2	0.11643	1.849
645.3	0.11437	1.749
645.4	0.11197	1.649
645.5	0.10923	1.549
645.6	0.10611	1.449
645.7	0.10388	2.083
645.8	0.10274	2.013
645.9	0.10143	1.944
646.0	0.09996	1.877
646.1	0.09832	1.810
646.2	0.09651	1.745
646.3	0.09454	1.681
646.4	0.09240	1.619
646.5	0.09010	1.549
646.6	0.08752	1.449
646.7	0.08462	1.349
646.8	0.08136	1.249
646.9	0.07900	2.007
647.0	0.07894	5.008
647.1	0.08034	4.921
647.2	0.08174	4.833
647.3	0.08313	4.747
647.4	0.08451	4.650
647.5	0.08588	4.550
647.6	0.08722	4.449
647.7	0.08854	4.349
647.8	0.08983	4.249
647.9	0.09109	4.149
648.0	0.09232	4.049
648.1	0.09350	3.949
648.2	0.09464	3.849
648.3	0.09573	3.749
648.4	0.09676	3.649
648.5	0.09773	3.549
648.6	0.09889	3.927
648.7	0.10025	4.126
648.8	0.10159	4.041
648.9	0.10290	3.957
649.0	0.10416	3.873
649.1	0.10538	3.789
649.2	0.10655	3.706
649.3	0.10767	3.622
649.4	0.10873	3.540
649.5	0.10974	3.458
649.6	0.11067	3.376
649.7	0.11153	3.294
649.8	0.11232	3.213
649.9	0.11302	3.133
650.0	0.11363	3.049
650.1	0.11413	2.949
650.2	0.11450	2.849
650.3	0.11474	2.749
650.4	0.11481	2.649
650.5	0.11473	2.549
650.6	0.11447	2.449
650.7	0.11402	2.349
650.8	0.11418	3.003
650.9	0.11464	2.923
651.0	0.11499	2.845
651.1	0.11523	2.767
651.2	0.11536	2.690
651.3	0.11536	2.613
651.4	0.11523	2.537
651.5	0.11497	2.462
651.6	0.11457	2.387
651.7	0.11402	2.313
651.8	0.11332	2.240
651.9	0.11244	2.149
652.0	0.11133	2.049
652.1	0.10997	1.949
652.2	0.10834	1.849
652.3	0.10643	1.749
652.4	0.10420	1.649
652.5	0.10286	2.369
652.6	0.10233	2.295
652.7	0.10167	2.223
652.8	0.10086	2.151
652.9	0.09990	2.080
653.0	0.09879	2.010
653.1	0.09753	1.942
653.2	0.09608	1.849
653.3	0.09438	1.749
653.4	0.09241	1.649
653.5	0.09015	1.549
653.6	0.08757	1.449
653.7	0.08618	2.124
653.8	0.08531	2.054
653.9	0.08431	1.985
654.0	0.08318	1.916
654.1	0.08191	1.849
654.2	0.08050	1.783
654.3	0.07896	1.719
654.4	0.07727	1.649
654.5	0.07538	1.549
654.6	0.07323	1.449
654.7	0.07080	1.349
654.8	0.06807	1.249
654.9	0.06692	1.903
655.0	0.06587	1.836
655.1	0.06588	4.901
655.2	0.06702	4.814
655.3	0.06815	4.727
655.4	0.06928	4.640
655.5	0.07040	4.549
655.6	0.07150	4.449
655.7	0.07258	4.350
655.8	0.07364	4.249
655.9	0.07468	4.149
656.0	0.07568	4.049
656.1	0.07665	3.949
656.2	0.07759	3.849
656.3	0.07848	3.749
656.4	0.07932	3.649
656.5	0.08012	3.549
656.6	0.08086	3.449
656.7	0.08153	3.349
656.8	0.08244	3.767
656.9	0.08340	3.984
657.0	0.08444	3.900
657.1	0.08544	3.816
657.2	0.08641	3.732
657.3	0.08733	3.649
657.4	0.08822	3.566
657.5	0.08905	3.484
657.6	0.08983	3.402
657.7	0.09055	3.320
657.8	0.09121	3.239
657.9	0.09180	3.149
658.0	0.09230	3.049
658.1	0.09271	2.949
658.2	0.09301	2.849
658.3	0.09320	2.749
658.4	0.09327	2.649
658.5	0.09320	2.549
658.6	0.09298	2.449
658.7	0.09299	2.858
658.8	0.09319	2.758
658.9	0.09338	2.950
659.0	0.09370	2.871
659.1	0.09392	2.793
659.2	0.09406	2.716
659.3	0.09410	2.639
659.4	0.09403	2.563
659.5	0.09385	2.487
659.6	0.09357	2.412
659.7	0.09316	2.339
659.8	0.09262	2.249
659.9	0.09191	2.149
660.0	0.09100	2.049
660.1	0.08989	1.949
660.2	0.08856	1.849
660.3	0.08699	1.749
660.4	0.08661	2.419
660.5	0.08624	2.345
660.6	0.08576	2.271
660.7	0.08517	2.199
660.8	0.08445	2.127
660.9	0.08360	2.057
661.0	0.08263	1.987
661.1	0.08152	1.919
661.2	0.08028	1.849
661.3	0.07886	1.749
661.4	0.07722	1.649
661.5	0.07532	1.549
661.6	0.07317	1.449
661.7	0.07081	1.876
661.8	0.06961	1.776
661.9	0.06879	2.015
662.0	0.06792	1.946
662.1	0.06694	1.878
662.2	0.06584	1.812
662.3	0.06464	1.746
662.4	0.06329	1.649
662.5	0.06174	1.549
662.6	0.05997	1.449
662.7	0.05798	1.349
662.8	0.05653	1.768
662.9	0.05539	1.668
663.0	0.05452	1.880
663.1	0.05420	4.946
663.2	0.05515	4.859
663.3	0.05609	4.771
663.4	0.05702	4.650
663.5	0.05794	4.549
663.6	0.05885	4.449
663.7	0.05974	4.349
663.8	0.06061	4.249
663.9	0.06146	4.149
664.0	0.06229	4.050
664.1	0.06309	3.949
664.2	0.06386	3.850
664.3	0.06459	3.749
664.4	0.06543	4.155
664.5	0.06631	4.056
664.6	0.06717	3.956
664.7	0.06800	4.121
664.8	0.06891	4.037
664.9	0.06979	3.952
665.0	0.07065	3.868
665.1	0.07147	3.784
665.2	0.07227	3.701
665.3	0.07302	3.618
665.4	0.07374	3.535
665.5	0.07442	3.453
665.6	0.07505	3.371
665.7	0.07563	3.289
665.8	0.07616	3.209
665.9	0.07663	3.128
666.0	0.07705	3.048
666.1	0.07739	2.949
666.2	0.07764	2.849
666.3	0.07780	2.749
666.4	0.07785	2.649
666.5	0.07779	2.549
666.6	0.07762	2.449
666.7	0.07731	2.349
666.8	0.07687	2.249
666.9	0.07681	2.697
667.0	0.07681	2.597
667.1	0.07679	2.815
667.2	0.07692	2.738
667.3	0.07697	2.661
667.4	0.07694	2.584
667.5	0.07683	2.508
667.6	0.07662	2.434
667.7	0.07631	2.349
667.8	0.07587	2.249
667.9	0.07529	2.149
668.0	0.07455	2.049
668.1	0.07364	1.949
668.2	0.07255	1.849
668.3	0.07177	2.289
668.4	0.07128	2.189
668.5	0.07064	2.089
668.6	0.06984	1.989
668.7	0.06888	1.889
668.8	0.06785	2.200
668.9	0.06727	2.128
669.0	0.06660	2.049
669.1	0.06579	1.949
669.2	0.06481	1.849
669.3	0.06367	1.749
669.4	0.06234	1.649
669.5	0.06102	2.066
669.6	0.06030	1.966
669.7	0.05944	1.866
669.8	0.05884	2.058
669.9	0.05816	1.988
670.0	0.05738	1.920
670.1	0.05651	1.852
670.2	0.05554	1.786
670.3	0.05448	1.721
670.4	0.05332	1.649
670.5	0.05202	1.549
670.6	0.05053	1.449
670.7	0.04885	1.349
670.8	0.04697	1.249
670.9	0.04576	1.707
671.0	0.04474	1.607
671.1	0.04511	4.947
671.2	0.04590	4.859
671.3	0.04669	4.772
671.4	0.04746	4.649
671.5	0.04822	4.549
671.6	0.04898	4.449
671.7	0.04972	4.350
671.8	0.05045	4.249
671.9	0.05115	4.150
672.0	0.05184	4.050
672.1	0.05251	3.949
672.2	0.05315	3.849
672.3	0.05377	4.309
672.4	0.05454	4.209
672.5	0.05529	4.109
672.6	0.05602	4.010
672.7	0.05673	3.909
672.8	0.05740	3.810
672.9	0.05805	3.710
673.0	0.05876	3.907
673.1	0.05946	3.823
673.2	0.06013	3.740
673.3	0.06078	3.656
673.4	0.06140	3.573
673.5	0.06198	3.491
673.6	0.06253	3.409
673.7	0.06303	3.327
673.8	0.06350	3.246
673.9	0.06391	3.149
674.0	0.06426	3.049
674.1	0.06455	2.949
674.2	0.06476	2.849
674.3	0.06489	2.749
674.4	0.06493	2.649
674.5	0.06489	2.549
674.6	0.06475	2.986
674.7	0.06499	2.886
674.8	0.06515	2.786
674.9	0.06523	2.686
675.0	0.06523	2.851
675.1	0.06538	2.774
675.2	0.06546	2.696
675.3	0.06546	2.620
675.4	0.06540	2.544
675.5	0.06526	2.468
675.6	0.06504	2.394
675.7	0.06473	2.320
675.8	0.06434	2.247
675.9	0.06385	2.149
676.0	0.06322	2.049
676.1	0.06245	1.949
676.2	0.06152	1.849
676.3	0.06044	1.749
676.4	0.05917	1.649
676.5	0.05860	2.128
676.6	0.05799	2.028
676.7	0.05726	1.928
676.8	0.05679	2.166
676.9	0.05627	2.095
677.0	0.05566	2.025
677.1	0.05497	1.949
677.2	0.05415	1.849
677.3	0.05320	1.749
677.4	0.05208	1.649
677.5	0.05081	1.549
677.6	0.04936	1.449
677.7	0.04861	1.853
677.8	0.04775	1.753
677.9	0.04676	1.653
678.0	0.04598	1.998
678.1	0.04537	1.929
678.2	0.04469	1.849
678.3	0.04390	1.749
678.4	0.04299	1.649
678.5	0.04193	1.549
678.6	0.04074	1.449
678.7	0.04004	1.896
678.8	0.03939	1.796
678.9	0.03863	1.697
679.0	0.03800	1.883
679.1	0.03773	4.913
679.2	0.03839	4.826
679.3	0.03904	4.739
679.4	0.03969	4.649
679.5	0.04033	4.549
679.6	0.04096	4.449
679.7	0.04158	4.349
679.8	0.04219	4.249
679.9	0.04278	4.149
680.0	0.04336	4.049
680.1	0.04391	3.949
680.2	0.04445	3.849
680.3	0.04496	3.749
680.4	0.04544	3.650
680.5	0.04590	3.549
680.6	0.04632	3.450
680.7	0.04671	3.349
680.8	0.04714	3.849
680.9	0.04768	3.749
681.0	0.04819	3.649
681.1	0.04868	3.549
681.2	0.04917	3.766
681.3	0.04971	3.683
681.4	0.05023	3.600
681.5	0.05071	3.517
681.6	0.05117	3.435
681.7	0.05160	3.349
681.8	0.05198	3.249
681.9	0.05232	3.149
682.0	0.05261	3.049
682.1	0.05284	2.949
682.2	0.05301	2.849
682.3	0.05312	2.749
682.4	0.05316	2.649
682.5	0.05312	2.549
682.6	0.05340	3.040
682.7	0.05363	2.940
682.8	0.05380	2.840
682.9	0.05390	2.740
683.0	0.05393	2.640
683.1	0.05388	2.540
683.2	0.05394	2.742
683.3	0.05398	2.665
683.4	0.05396	2.589
683.5	0.05388	2.513
683.6	0.05374	2.438
683.7	0.05353	2.349
683.8	0.05322	2.249
683.9	0.05281	2.149
684.0	0.05229	2.049
684.1	0.05165	1.949
684.2	0.05089	1.849
684.3	0.05051	2.317
684.4	0.05019	2.217
684.5	0.04977	2.117
684.6	0.04924	2.017
684.7	0.04877	2.196
684.8	0.04836	2.125
684.9	0.04787	2.055
685.0	0.04731	1.985
685.1	0.04668	1.917
685.2	0.04596	1.849
685.3	0.04515	1.749
685.4	0.04421	1.649
685.5	0.04312	1.549
685.6	0.04189	1.449
685.7	0.04052	1.959
685.8	0.03993	1.859
685.9	0.03923	1.759
686.0	0.03843	1.659
686.1	0.03773	1.889
686.2	0.03713	1.823
686.3	0.03646	1.749
686.4	0.03570	1.649
686.5	0.03482	1.549
686.6	0.03383	1.449
686.7	0.03271	1.349
686.8	0.03149	2.057
686.9	0.03112	1.987
687.0	0.03126	4.985
687.1	0.03181	4.898
687.2	0.03236	4.810
687.3	0.03291	4.724
687.4	0.03345	4.637
687.5	0.03399	4.549
687.6	0.03453	4.449
687.7	0.03505	4.349
687.8	0.03556	4.249
687.9	0.03606	4.149
688.0	0.03654	4.050
688.1	0.03701	3.949
688.2	0.03747	3.850
688.3	0.03790	3.749
688.4	0.03830	3.649
688.5	0.03881	4.253
688.6	0.03935	4.167
688.7	0.03989	4.082
688.8	0.04041	3.998
688.9	0.04092	3.913
689.0	0.04141	3.829
689.1	0.04188	3.746
689.2	0.04233	3.662
689.3	0.04277	3.579
689.4	0.04317	3.497
689.5	0.04356	3.415
689.6	0.04391	3.333
689.7	0.04424	3.252
689.8	0.04453	3.172
689.9	0.04479	3.091
690.0	0.04501	3.012
690.1	0.04520	2.933
690.2	0.04534	2.849
690.3	0.04543	2.749
690.4	0.04547	2.649
690.5	0.04543	2.549
690.6	0.04533	2.449
690.7	0.04515	2.349
690.8	0.04489	2.249
690.9	0.04455	2.149
691.0	0.04469	2.862
691.1	0.04480	2.784
691.2	0.04486	2.707
691.3	0.04487	2.630
691.4	0.04483	2.554
691.5	0.04474	2.478
691.6	0.04460	2.403
691.7	0.04440	2.329
691.8	0.04414	2.249
691.9	0.04380	2.149
692.0	0.04337	2.049
692.1	0.04284	1.949
692.2	0.04220	1.849
692.3	0.04183	2.483
692.4	0.04170	2.408
692.5	0.04152	2.334
692.6	0.04128	2.261
692.7	0.04098	2.189
692.8	0.04063	2.118
692.9	0.04021	2.047
693.0	0.03973	1.978
693.1	0.03919	1.910
693.2	0.03859	1.843
693.3	0.03791	1.749
693.4	0.03711	1.649
693.5	0.03620	1.549
693.6	0.03517	1.449
693.7	0.03481	2.071
693.8	0.03441	2.002
693.9	0.03397	1.933
694.0	0.03346	1.866
694.1	0.03291	1.799
694.2	0.03229	1.734
694.3	0.03162	1.671
694.4	0.03089	1.608
694.5	0.03011	1.548
694.6	0.02925	1.449
694.7	0.02828	1.349
694.8	0.02719	1.249
694.9	0.02621	1.915
695.0	0.02581	1.848
695.1	0.02553	4.920
695.2	0.02598	4.833
695.3	0.02642	4.746
695.4	0.02686	4.649
695.5	0.02729	4.549
695.6	0.02772	4.449
695.7	0.02814	4.349
695.8	0.02855	4.249
695.9	0.02895	4.149
696.0	0.02934	4.050
696.1	0.02972	3.950
696.2	0.03008	3.849
696.3	0.03042	3.749
696.4	0.03085	4.386
696.5	0.03131	4.300
696.6	0.03176	4.215
696.7	0.03220	4.130
696.8	0.03263	4.045
696.9	0.03305	3.960
697.0	0.03346	3.876
697.1	0.03385	3.792
697.2	0.03423	3.709
697.3	0.03459	3.626
697.4	0.03493	3.543
697.5	0.03526	3.461
697.6	0.03556	3.379
697.7	0.03584	3.298
697.8	0.03609	3.217
697.9	0.03632	3.136
698.0	0.03651	3.049
698.1	0.03668	2.949
698.2	0.03680	2.849
698.3	0.03687	2.749
698.4	0.03690	2.649
698.5	0.03687	2.549
698.6	0.03679	2.449
698.7	0.03690	3.063
698.8	0.03708	2.984
698.9	0.03722	2.905
699.0	0.03732	2.827
699.1	0.03740	2.749
699.2	0.03743	2.672
699.3	0.03742	2.595
699.4	0.03737	2.519
699.5	0.03727	2.444
699.6	0.03713	2.370
699.7	0.03694	2.297
699.8	0.03670	2.224
699.9	0.03641	2.149
