300.0	183.06737	3.214
300.1	181.12580	3.129
300.2	180.74088	3.072
300.3	177.70046	2.970
300.4	177.95209	2.875
300.5	177.60268	3.217
300.6	178.69053	3.187
300.7	178.50511	3.084
300.8	178.64753	3.386
300.9	179.26498	3.297
301.0	179.65377	3.204
301.1	177.65393	3.119
301.2	176.87926	3.105
301.3	176.48544	2.999
301.4	173.02397	2.941
301.5	172.19616	2.927
301.6	172.61819	3.465
301.7	173.16894	3.476
301.8	173.85482	3.392
301.9	171.86782	3.353
302.0	174.50687	3.259
302.1	172.46551	3.172
302.2	172.44252	3.075
302.3	170.41709	3.039
302.4	168.77487	2.963
302.5	169.87102	3.219
302.6	169.38986	3.163
302.7	167.62379	3.083
302.8	164.90898	3.033
302.9	171.72200	3.255
303.0	173.33218	3.188
303.1	171.42152	3.105
303.2	170.89021	3.000
303.3	168.10785	2.951
303.4	168.39185	3.333
303.5	171.03258	3.289
303.6	170.84569	3.190
303.7	170.82681	3.094
303.8	170.17072	3.368
303.9	170.59266	3.281
304.0	170.68412	3.187
304.1	170.53822	3.137
304.2	167.73760	3.038
304.3	165.79913	3.003
304.4	164.29170	2.930
304.5	162.55333	2.854
304.6	164.50944	2.888
304.7	166.46237	2.783
304.8	164.22789	2.699
304.9	161.91462	3.340
305.0	162.33167	3.304
305.1	161.89698	3.204
305.2	159.61365	3.114
305.3	161.60259	3.379
305.4	161.76046	3.292
305.5	159.14476	3.239
305.6	161.86883	3.158
305.7	162.97139	3.089
305.8	162.39788	3.350
305.9	162.15839	3.300
306.0	161.61148	3.244
306.1	163.71729	3.149
306.2	161.81683	3.112
306.3	160.86597	2.959
306.4	163.23538	3.322
306.5	163.27609	3.277
306.6	160.59138	3.178
306.7	161.61651	3.108
306.8	159.92982	3.031
306.9	160.75405	3.271
307.0	161.83504	3.158
307.1	159.69800	3.071
307.2	160.02993	3.033
307.3	159.62780	2.936
307.4	159.19234	3.151
307.5	158.55988	3.094
307.6	156.61445	2.968
307.7	154.93198	2.850
307.8	154.53960	2.756
307.9	153.94208	3.348
308.0	153.99425	3.263
308.1	152.90296	3.197
308.2	151.51819	3.126
308.3	154.56068	3.362
308.4	154.73428	3.322
308.5	154.10246	3.266
308.6	153.96799	3.220
308.7	152.75140	3.151
308.8	154.13891	3.051
308.9	151.76739	3.004
309.0	151.10997	3.244
309.1	153.49886	3.167
309.2	152.82283	3.067
309.3	151.42193	2.997
309.4	154.65833	3.321
309.5	154.54245	3.232
309.6	152.74146	3.151
309.7	152.17631	3.097
309.8	153.09779	2.987
309.9	151.90228	3.304
310.0	152.85194	3.325
310.1	151.22531	3.162
310.2	152.16176	3.139
310.3	151.62046	3.043
310.4	152.01873	3.264
310.5	150.03795	3.179
310.6	150.56890	3.064
310.7	148.60007	2.983
310.8	147.37296	2.834
310.9	146.19379	2.771
311.0	146.34907	2.651
311.1	145.17563	2.548
311.2	145.97205	3.461
311.3	145.71983	3.373
311.4	146.51758	3.351
311.5	147.77164	3.297
311.6	147.01226	3.198
311.7	146.86189	3.153
311.8	145.06881	3.074
311.9	145.09827	2.993
312.0	143.26197	2.916
312.1	143.16984	3.194
312.2	147.32084	3.122
312.3	146.48976	3.350
312.4	146.60858	3.353
312.5	147.72479	3.254
312.6	145.44921	3.164
312.7	145.11269	3.075
312.8	142.83850	3.067
312.9	143.78308	2.966
313.0	144.85712	2.867
313.1	145.64416	3.209
313.2	144.72434	3.148
313.3	143.70328	3.045
313.4	145.84096	3.295
313.5	143.77037	3.208
313.6	142.78076	3.145
313.7	143.85254	3.048
313.8	143.48792	2.960
313.9	140.77726	2.865
314.0	139.44267	2.760
314.1	138.58304	2.665
314.2	137.69647	3.496
314.3	137.31289	3.410
314.4	139.38290	3.344
314.5	138.95249	3.295
314.6	137.05953	3.211
314.7	137.72361	3.111
314.8	137.17905	3.022
314.9	136.76688	2.975
315.0	135.33500	2.906
315.1	134.08691	3.179
315.2	132.65424	3.108
315.3	139.60615	3.115
315.4	138.80978	3.019
315.5	138.91645	2.944
315.6	136.64237	2.857
315.7	136.44198	3.120
315.8	136.03210	3.073
315.9	137.90996	3.347
316.0	137.60763	3.301
316.1	137.04729	3.211
316.2	138.94597	3.139
316.3	136.80235	3.052
316.4	137.04930	2.942
316.5	136.57225	3.200
316.6	136.05673	3.112
316.7	134.67927	3.118
316.8	133.98702	3.027
316.9	134.20981	2.957
317.0	134.62911	2.853
317.1	133.59766	2.756
317.2	131.86149	2.647
317.3	130.52173	3.387
317.4	130.41647	3.348
317.5	131.63780	3.232
317.6	132.12357	3.170
317.7	130.51108	3.131
317.8	128.43766	3.045
317.9	128.69188	2.979
318.0	127.55122	2.881
318.1	126.82010	2.794
318.2	125.59536	2.732
318.3	133.29370	3.048
318.4	131.26754	3.002
318.5	130.30190	2.944
318.6	129.60000	2.855
318.7	128.60946	2.761
318.8	128.85928	3.055
318.9	131.49147	2.970
319.0	131.01708	3.253
319.1	131.92712	3.165
319.2	129.76266	3.113
319.3	129.64879	3.074
319.4	127.98611	3.035
319.5	129.82606	2.933
319.6	128.38224	2.864
319.7	127.47337	3.165
319.8	129.07424	3.097
319.9	128.59359	3.013
320.0	127.66082	2.920
320.1	128.19410	2.824
320.2	126.10439	2.743
320.3	125.64252	2.627
320.4	122.41056	2.525
320.5	121.57959	3.258
320.6	121.60651	3.224
320.7	124.69784	3.201
320.8	125.45719	3.115
320.9	124.34941	3.402
321.0	124.42699	3.334
321.1	124.71030	3.237
321.2	124.23786	3.155
321.3	124.15490	3.118
321.4	125.23247	3.004
321.5	123.95513	2.939
321.6	122.05413	2.860
321.7	124.63641	3.130
321.8	123.64872	3.070
321.9	124.19907	2.980
322.0	121.64803	2.884
322.1	122.98391	3.261
322.2	121.41893	3.185
322.3	122.53824	3.077
322.4	121.60565	3.020
322.5	120.90702	2.968
322.6	123.21027	3.267
322.7	122.55516	3.181
322.8	121.68185	3.090
322.9	121.09438	3.007
323.0	120.77797	2.931
323.1	118.76440	2.849
323.2	119.27214	2.761
323.3	118.91168	2.686
323.4	116.33763	2.596
323.5	115.85356	3.364
323.6	118.57321	3.310
323.7	117.84314	3.224
323.8	117.87184	3.125
323.9	119.16176	3.393
324.0	118.07875	3.329
324.1	117.23935	3.240
324.2	117.27763	3.142
324.3	116.33631	3.084
324.4	116.28133	3.018
324.5	117.05139	3.333
324.6	117.10558	3.236
324.7	118.07748	3.197
324.8	117.46232	3.114
324.9	117.09456	3.072
325.0	117.01433	2.971
325.1	115.35976	2.897
325.2	115.03172	3.179
325.3	115.09556	3.084
325.4	113.60790	3.012
325.5	115.22877	3.314
325.6	115.20980	3.216
325.7	115.97912	3.173
325.8	115.21221	3.087
325.9	115.12888	2.988
326.0	114.70410	2.913
326.1	113.92950	2.829
326.2	112.43110	2.760
326.3	111.13669	2.822
326.4	110.07092	2.733
326.5	110.26859	3.388
326.6	110.25427	3.294
326.7	111.41673	3.204
326.8	111.79115	3.121
326.9	111.92140	3.030
327.0	110.98120	3.285
327.1	111.15241	3.196
327.2	110.84092	3.125
327.3	110.12838	3.043
327.4	109.85075	3.005
327.5	108.51429	2.908
327.6	108.69004	2.882
327.7	111.01020	3.192
327.8	110.13471	3.105
327.9	110.70911	3.028
328.0	110.76072	2.968
328.1	110.56046	2.900
328.2	109.41605	2.809
328.3	108.42034	3.087
328.4	107.47050	3.000
328.5	110.44185	3.331
328.6	110.56516	3.242
328.7	109.67553	3.216
328.8	109.47941	3.118
328.9	109.18712	3.048
329.0	109.49214	2.995
329.1	108.57893	2.909
329.2	108.78309	2.823
329.3	107.36862	2.756
329.4	105.47896	2.678
329.5	106.06015	2.723
329.6	104.41859	2.622
329.7	105.61108	3.185
329.8	106.25761	3.115
329.9	105.34555	3.029
330.0	105.16094	2.936
330.1	103.36136	2.856
330.2	103.76873	3.188
330.3	103.69110	3.098
330.4	103.46107	3.062
330.5	101.93053	2.931
330.6	101.21236	2.882
330.7	105.81020	3.191
330.8	105.00242	3.138
330.9	106.53885	3.034
331.0	105.28455	2.969
331.1	104.18783	3.259
331.2	104.53890	3.182
331.3	103.57768	3.095
331.4	104.24588	3.056
331.5	104.12530	2.965
331.6	103.77956	2.926
331.7	103.03607	3.223
331.8	103.30748	3.087
331.9	103.29507	3.057
332.0	103.12429	2.995
332.1	102.31228	2.914
332.2	102.01753	3.106
332.3	103.10670	3.023
332.4	102.79358	2.927
332.5	102.25501	2.826
332.6	101.75915	2.727
332.7	99.99334	2.623
332.8	98.69369	2.534
332.9	99.38635	3.081
333.0	98.44245	2.997
333.1	98.12010	2.904
333.2	97.88153	3.227
333.3	99.21076	3.159
333.4	99.02883	3.098
333.5	99.55178	3.003
333.6	98.40716	2.913
333.7	97.78503	3.197
333.8	98.67478	3.115
333.9	99.82123	3.011
334.0	99.22309	2.937
334.1	98.77421	3.284
334.2	99.63927	3.201
334.3	99.31183	3.107
334.4	99.12731	3.073
334.5	99.57252	2.975
334.6	97.95884	2.900
334.7	96.77930	2.865
334.8	97.07654	2.764
334.9	97.60534	3.054
335.0	97.89727	2.953
335.1	97.15210	2.876
335.2	96.87810	3.194
335.3	97.12948	3.120
335.4	97.18972	3.013
335.5	96.26864	2.904
335.6	96.74438	2.809
335.7	95.25129	2.712
335.8	94.30908	2.606
335.9	93.40645	2.529
336.0	92.12054	2.417
336.1	92.78816	3.320
336.2	92.54351	3.259
336.3	92.77567	3.163
336.4	94.04080	3.074
336.5	93.29618	2.997
336.6	92.36753	2.916
336.7	91.99370	2.826
336.8	91.62663	3.098
336.9	93.06705	3.042
337.0	93.04383	3.042
337.1	93.19490	2.968
337.2	92.02124	2.879
337.3	92.60662	3.157
337.4	91.94573	3.083
337.5	92.70130	2.978
337.6	92.30095	2.939
337.7	92.26176	2.860
337.8	91.01800	3.129
337.9	91.72601	3.050
338.0	91.00384	2.975
338.1	92.01298	3.267
338.2	91.51302	3.223
338.3	91.87436	3.132
338.4	90.80065	3.096
338.5	90.26271	3.001
338.6	89.83970	2.912
338.7	90.74171	2.813
338.8	90.62034	2.708
338.9	89.16113	2.614
339.0	88.13378	3.377
339.1	88.15693	3.303
339.2	88.39789	3.213
339.3	88.04993	3.126
339.4	88.23767	3.058
339.5	87.52387	2.984
339.6	87.27629	2.951
339.7	87.03167	2.894
339.8	85.56131	2.821
339.9	85.22486	3.074
340.0	87.77565	3.042
340.1	87.76125	3.313
340.2	88.18709	3.230
340.3	87.85395	3.144
340.4	87.96031	3.098
340.5	88.89832	3.006
340.6	88.04445	2.928
340.7	87.06188	2.846
340.8	86.22117	2.770
340.9	86.82505	3.107
341.0	86.12733	3.058
341.1	86.33084	2.968
341.2	86.50274	2.901
341.3	86.95936	3.185
341.4	86.09398	3.105
341.5	86.18281	3.011
341.6	84.93354	2.967
341.7	84.53672	2.882
341.8	83.87692	2.789
341.9	83.88365	2.695
342.0	83.31666	3.427
342.1	83.82133	3.330
342.2	83.44361	3.291
342.3	83.58296	3.203
342.4	83.41673	3.126
342.5	83.00935	3.040
342.6	82.39581	2.948
342.7	82.43553	2.903
342.8	81.89792	2.815
342.9	81.51726	2.733
343.0	80.81726	2.665
343.1	84.00647	2.959
343.2	83.03789	3.205
343.3	83.36648	3.100
343.4	82.84935	3.034
343.5	82.65304	2.958
343.6	82.33752	2.877
343.7	82.46225	3.276
343.8	81.68959	3.199
343.9	82.07880	3.145
344.0	82.58753	3.071
344.1	82.21485	2.988
344.2	82.04523	2.890
344.3	81.09531	3.176
344.4	80.97162	3.080
344.5	80.32314	3.010
344.6	81.19203	2.951
344.7	80.69186	2.865
344.8	80.19820	2.779
344.9	79.72099	2.808
345.0	78.79784	2.709
345.1	78.30471	2.604
345.2	78.14908	3.259
345.3	78.32014	3.199
345.4	77.68576	3.130
345.5	77.15508	3.043
345.6	76.95368	2.992
345.7	76.95776	2.905
345.8	76.24269	2.835
345.9	75.95137	2.739
346.0	77.77582	3.024
346.1	77.70998	2.956
346.2	78.38444	2.849
346.3	78.21758	3.151
346.4	77.69160	3.064
346.5	78.44743	3.006
346.6	77.98731	3.010
346.7	77.80437	2.915
346.8	77.91147	2.832
346.9	77.88390	3.138
347.0	77.43578	3.054
347.1	77.73901	2.979
347.2	77.15559	2.891
347.3	77.25147	2.808
347.4	76.81454	2.727
347.5	76.28856	2.966
347.6	75.95426	2.889
347.7	76.05129	2.935
347.8	76.46771	2.844
347.9	75.97482	2.761
348.0	75.23925	2.692
348.1	74.24365	2.615
348.2	73.55780	2.591
348.3	72.73804	2.500
348.4	72.61876	3.130
348.5	72.27799	3.075
348.6	71.97075	2.981
348.7	71.41000	2.897
348.8	70.66347	2.827
348.9	70.81319	2.733
349.0	72.86194	3.079
349.1	72.82931	2.996
349.2	72.65128	2.947
349.3	73.63501	2.863
349.4	73.09798	2.780
349.5	72.56625	2.699
349.6	73.44943	3.000
349.7	73.34524	2.914
349.8	73.51326	2.837
349.9	72.84297	3.140
350.0	72.91240	3.040
350.1	72.61529	2.966
350.2	71.81672	2.893
350.3	71.33668	2.794
350.4	72.04605	3.167
350.5	71.86394	3.078
350.6	72.13619	3.028
350.7	72.25000	2.931
350.8	71.62574	2.865
350.9	70.94421	2.778
351.0	70.70620	2.888
351.1	70.64209	2.806
351.2	69.00816	2.702
351.3	69.40622	3.305
351.4	69.17547	3.216
351.5	69.69907	3.142
351.6	69.10699	3.057
351.7	68.92806	2.971
351.8	68.66139	2.882
351.9	68.35713	3.178
352.0	68.73106	3.118
352.1	68.80180	3.043
352.2	68.43429	2.950
352.3	68.01876	2.875
352.4	69.72338	3.163
352.5	69.78907	3.067
352.6	69.36463	2.990
352.7	69.25908	2.907
352.8	68.42190	2.834
352.9	68.14575	2.745
353.0	67.51732	3.063
353.1	67.81512	3.019
353.2	67.97652	2.930
353.3	68.22392	3.288
353.4	68.30641	3.195
353.5	68.30583	3.118
353.6	68.24933	3.019
353.7	68.57247	2.937
353.8	68.32789	2.849
353.9	67.58590	2.780
354.0	66.92600	2.998
354.1	66.34922	2.898
354.2	66.07686	2.792
354.3	65.77488	2.687
354.4	65.79885	2.595
354.5	64.79036	3.140
354.6	65.68609	3.054
354.7	65.21863	2.977
354.8	65.14914	3.250
354.9	64.74580	3.175
355.0	64.68199	3.080
355.1	64.66184	3.006
355.2	64.50735	2.926
355.3	64.54195	2.855
355.4	64.06614	2.780
355.5	65.93233	3.065
355.6	65.88962	3.026
355.7	65.82756	2.930
355.8	65.16206	2.901
355.9	65.03967	2.804
356.0	64.32509	2.737
356.1	63.96608	3.028
356.2	63.48830	2.934
356.3	64.38161	2.884
356.4	64.34915	3.155
356.5	64.49788	3.108
356.6	64.45862	3.015
356.7	64.01935	2.940
356.8	64.30998	2.845
356.9	63.85242	2.770
357.0	63.09473	2.684
357.1	62.42889	2.920
357.2	63.52166	2.882
357.3	62.92610	2.784
357.4	62.56471	2.679
357.5	62.49845	2.588
357.6	61.77945	2.489
357.7	61.28098	2.970
357.8	60.83049	2.897
357.9	60.88321	3.158
358.0	60.60573	3.075
358.1	60.48718	3.017
358.2	60.31166	2.940
358.3	59.87064	2.851
358.4	59.67397	2.774
358.5	59.05681	2.696
358.6	61.69995	3.078
358.7	62.25925	2.983
358.8	61.88316	2.895
358.9	62.02212	2.814
359.0	61.35317	2.731
359.1	60.95879	3.041
359.2	61.05502	2.959
359.3	61.21473	2.881
359.4	60.68980	3.148
359.5	61.05084	3.063
359.6	61.28876	2.988
359.7	60.79514	2.964
359.8	60.64050	2.871
359.9	59.76667	3.218
360.0	60.10303	3.117
360.1	60.14576	3.068
360.2	60.29382	2.974
360.3	60.07117	2.878
360.4	59.57440	2.787
360.5	58.87854	2.688
360.6	58.65733	2.578
360.7	57.76921	2.490
360.8	57.33517	2.893
360.9	56.99925	2.795
361.0	56.51446	3.075
361.1	56.55692	2.981
361.2	56.46507	2.897
361.3	56.01135	2.857
361.4	57.73221	2.847
361.5	57.49632	2.771
361.6	57.13928	3.044
361.7	57.90191	2.987
361.8	57.46786	2.916
361.9	57.55351	3.181
362.0	58.30711	3.090
362.1	58.13545	3.032
362.2	57.95751	2.940
362.3	57.51707	2.869
362.4	57.08635	2.783
362.5	57.01727	3.102
362.6	56.89258	3.063
362.7	57.33533	2.974
362.8	56.98570	2.923
362.9	56.63245	3.210
363.0	56.58281	3.159
363.1	56.63909	3.066
363.2	57.00421	2.973
363.3	56.92441	2.888
363.4	56.63976	2.809
363.5	56.36839	2.732
363.6	55.55975	2.646
363.7	55.50670	2.565
363.8	54.43693	3.332
363.9	54.21438	3.242
364.0	54.79911	3.184
364.1	54.86018	3.109
364.2	54.36891	3.020
364.3	54.68981	2.929
364.4	54.44359	2.855
364.5	53.95898	3.135
364.6	54.02390	3.047
364.7	53.78894	2.957
364.8	54.39379	3.299
364.9	54.62273	3.204
365.0	54.52815	3.122
365.1	54.40128	3.083
365.2	54.77540	2.996
365.3	54.65214	2.912
365.4	54.38118	2.820
365.5	54.11353	2.776
365.6	53.57059	2.703
365.7	52.99552	3.019
365.8	52.76043	2.931
365.9	53.56501	3.173
366.0	53.45138	3.120
366.1	53.47036	3.031
366.2	53.29039	2.975
366.3	53.02367	2.885
366.4	52.88251	2.803
366.5	52.50639	2.723
366.6	52.25069	2.636
366.7	51.81172	2.555
366.8	50.88596	3.361
366.9	50.95133	3.278
367.0	51.12272	3.188
367.1	51.02588	3.109
367.2	50.94859	3.018
367.3	51.26412	2.935
367.4	51.04400	2.850
367.5	50.95340	2.758
367.6	50.60649	2.682
367.7	50.38237	2.956
367.8	50.42328	2.872
367.9	51.34057	2.881
368.0	51.09646	3.142
368.1	51.00945	3.050
368.2	50.97069	3.005
368.3	51.40047	2.942
368.4	51.12450	2.869
368.5	50.68053	2.786
368.6	50.49530	2.705
368.7	50.42432	3.001
368.8	50.42016	2.915
368.9	50.18515	3.186
369.0	50.06190	3.150
369.1	50.05856	3.064
369.2	50.54541	3.023
369.3	50.35563	2.925
369.4	49.01508	2.903
369.5	48.90381	2.813
369.6	48.73396	2.873
369.7	48.57374	2.767
369.8	48.67234	2.676
369.9	48.25899	2.571
370.0	48.03332	3.172
370.1	48.20218	3.088
370.2	47.87530	3.012
370.3	47.71627	2.921
370.4	47.72863	2.841
370.5	47.50920	2.760
370.6	47.18904	2.675
370.7	46.81569	2.587
370.8	46.52176	2.927
370.9	46.41159	2.841
371.0	48.40788	3.170
371.1	48.24632	3.091
371.2	48.52398	2.998
371.3	47.93575	2.921
371.4	47.61183	3.226
371.5	47.50729	3.138
371.6	47.46675	3.081
371.7	47.52652	3.031
371.8	47.74038	2.950
371.9	47.54313	2.910
372.0	47.32344	2.830
372.1	47.17188	2.741
372.2	47.51592	3.030
372.3	47.31495	2.937
372.4	46.88449	3.163
372.5	46.91485	3.059
372.6	46.75281	2.968
372.7	46.40817	2.867
372.8	46.21120	2.763
372.9	45.91253	2.667
373.0	45.98206	2.567
373.1	45.50997	2.476
373.2	45.00977	3.050
373.3	44.98136	2.971
373.4	44.86456	2.887
373.5	44.63039	2.808
373.6	44.31790	2.726
373.7	43.95825	2.641
373.8	43.64932	2.598
373.9	44.83678	2.898
374.0	45.40555	3.167
374.1	45.41850	3.077
374.2	45.19565	2.998
374.3	45.70134	2.902
374.4	45.37906	2.830
374.5	44.84356	3.140
374.6	44.88675	3.054
374.7	44.78257	3.009
374.8	44.54607	2.967
374.9	45.09205	2.914
375.0	45.01296	2.832
375.1	44.60422	2.743
375.2	44.19207	2.994
375.3	43.95407	2.978
375.4	44.08027	2.886
375.5	43.84421	3.158
375.6	43.61500	3.054
375.7	43.73467	2.963
375.8	43.96801	2.866
375.9	43.72186	2.763
376.0	43.47219	2.661
376.1	42.92610	2.555
376.2	42.61190	2.464
376.3	41.95042	3.345
376.4	42.06465	3.294
376.5	42.13702	3.227
376.6	42.52624	3.148
376.7	42.61397	3.057
376.8	42.34700	2.978
376.9	42.32733	2.892
377.0	42.04313	2.813
377.1	41.93381	2.722
377.2	42.15119	2.964
377.3	42.19757	3.027
377.4	42.00009	2.941
377.5	42.26226	2.851
377.6	42.04822	3.136
377.7	42.09036	3.056
377.8	41.95852	2.998
377.9	41.85162	2.919
378.0	41.71385	2.838
378.1	41.48694	2.752
378.2	41.03413	2.675
378.3	41.27964	2.961
378.4	41.22577	2.887
378.5	41.05240	3.168
378.6	40.97117	3.126
378.7	40.88339	3.038
378.8	41.21655	2.957
378.9	41.11334	2.856
379.0	40.93037	2.762
379.1	40.55152	2.655
379.2	40.01304	2.563
379.3	39.19638	3.349
379.4	39.16168	3.257
379.5	39.58639	3.190
379.6	39.68970	3.108
379.7	39.65064	3.025
379.8	39.50439	2.969
379.9	39.42884	2.930
380.0	39.39288	2.837
380.1	39.24129	2.804
380.2	39.82638	3.118
380.3	39.76961	3.035
380.4	39.65184	2.946
380.5	39.52256	2.858
380.6	39.78464	3.138
380.7	39.82510	3.073
380.8	39.68873	2.994
380.9	39.42374	2.907
381.0	39.24310	2.827
381.1	38.89427	3.179
381.2	39.09516	3.139
381.3	39.22516	3.049
381.4	39.14487	2.965
381.5	38.95708	2.884
381.6	38.59210	2.802
381.7	38.48968	2.717
381.8	38.49531	2.970
381.9	37.94300	2.917
382.0	37.84133	2.855
382.1	37.71421	2.749
382.2	37.55709	2.652
382.3	36.81572	2.557
382.4	36.71060	3.295
382.5	36.78281	3.248
382.6	36.74731	3.203
382.7	36.72588	3.117
382.8	36.66605	3.028
382.9	36.61902	2.951
383.0	36.61504	2.857
383.1	36.34726	2.815
383.2	36.65225	2.723
383.3	37.67677	3.026
383.4	37.61800	2.935
383.5	37.46142	2.858
383.6	37.31612	2.773
383.7	36.94221	2.692
383.8	36.68881	2.957
383.9	36.80603	2.987
384.0	36.84838	2.896
384.1	36.74672	2.814
384.2	36.67865	3.103
384.3	36.80151	3.050
384.4	36.66931	2.966
384.5	36.57227	2.885
384.6	36.39194	2.798
384.7	36.37835	2.714
384.8	36.10794	2.992
384.9	36.19062	2.937
385.0	36.11352	2.848
385.1	36.05016	2.771
385.2	35.76297	2.688
385.3	35.29344	2.602
385.4	34.77997	2.555
385.5	34.46194	3.291
385.6	34.60507	3.205
385.7	34.62588	3.118
385.8	34.50277	3.037
385.9	34.38055	2.987
386.0	34.31415	2.903
386.1	34.24071	2.818
386.2	34.06983	2.736
386.3	33.81086	2.647
386.4	35.47822	2.930
386.5	35.36834	2.840
386.6	34.91483	2.764
386.7	34.78742	2.674
386.8	35.12823	3.042
386.9	34.99414	2.990
387.0	34.87402	2.910
387.1	34.82513	2.826
387.2	34.88893	3.101
387.3	34.99596	3.010
387.4	34.84416	2.957
387.5	34.77457	2.872
387.6	34.64658	2.792
387.7	34.46944	2.709
387.8	34.10760	2.632
387.9	34.29170	2.970
388.0	34.36658	2.917
388.1	34.15777	2.841
388.2	33.95199	2.756
388.3	33.67974	2.676
388.4	33.30199	2.598
388.5	32.93513	2.541
388.6	32.65116	2.454
388.7	32.44171	3.088
388.8	32.33722	3.004
388.9	32.35889	2.951
389.0	32.25791	2.867
389.1	32.72530	2.796
389.2	32.57232	3.110
389.3	32.75498	3.071
389.4	32.67090	2.979
389.5	33.09835	2.895
389.6	32.79687	3.245
389.7	32.89365	3.160
389.8	32.78491	3.074
389.9	33.01579	2.992
390.0	33.06214	2.901
390.1	32.89322	2.820
390.2	32.67953	2.736
390.3	32.58945	3.037
390.4	32.90018	2.953
390.5	32.71429	2.861
390.6	32.60664	2.786
390.7	32.26700	3.155
390.8	32.36286	3.062
390.9	32.29317	2.982
391.0	32.51308	2.927
391.1	32.37806	2.841
391.2	32.20179	2.761
391.3	31.93039	2.683
391.4	31.58081	2.599
391.5	31.13653	2.518
391.6	30.92764	3.256
391.7	31.01904	3.167
391.8	31.04868	3.126
391.9	30.98549	3.039
392.0	30.98690	2.959
392.1	30.82728	2.873
392.2	30.83618	2.785
392.3	30.63217	3.084
392.4	30.75568	3.025
392.5	30.56417	2.945
392.6	30.80711	3.217
392.7	30.89956	3.155
392.8	30.86721	3.072
392.9	30.85258	2.982
393.0	31.05336	2.894
393.1	30.93736	2.812
393.2	30.67697	2.736
393.3	30.45967	2.646
393.4	30.31139	2.964
393.5	30.01940	2.961
393.6	30.06138	3.243
393.7	30.38150	3.155
393.8	30.34139	3.072
393.9	30.43438	2.985
394.0	30.28259	2.935
394.1	30.12995	2.851
394.2	30.04225	2.765
394.3	29.78055	2.681
394.4	29.51378	2.598
394.5	29.53275	2.735
394.6	29.25324	2.642
394.7	28.95371	2.540
394.8	28.81122	3.141
394.9	28.79375	3.056
395.0	29.02013	2.963
395.1	28.97271	2.883
395.2	28.85728	2.797
395.3	28.72993	2.719
395.4	28.58990	2.993
395.5	28.60124	2.912
395.6	28.54546	2.824
395.7	29.20537	3.117
395.8	29.17195	3.054
395.9	29.14282	2.967
396.0	29.02884	2.931
396.1	28.95913	2.849
396.2	28.97025	2.800
396.3	28.85831	2.722
396.4	28.59764	2.640
396.5	28.48224	2.966
396.6	28.35875	2.879
396.7	28.43255	3.157
396.8	28.79400	3.089
396.9	28.77774	3.005
397.0	28.68873	2.921
397.1	28.58866	2.837
397.2	28.48551	2.753
397.3	28.17378	2.674
397.4	27.91314	2.593
397.5	27.70457	2.829
397.6	27.82497	2.729
397.7	27.66265	2.634
397.8	27.37116	2.535
397.9	27.16509	2.430
398.0	26.84868	2.974
398.1	26.86910	2.891
398.2	26.78274	2.804
398.3	26.66476	2.723
398.4	26.59612	2.992
398.5	26.49640	2.912
398.6	26.77943	2.819
398.7	26.69642	2.734
398.8	27.20240	3.123
398.9	27.51940	3.032
399.0	27.42743	2.943
399.1	27.36899	2.897
399.2	27.16569	2.813
399.3	26.81508	3.102
399.4	26.75769	3.041
399.5	26.75282	2.963
399.6	26.92213	2.873
399.7	26.86864	2.790
399.8	26.79103	3.060
399.9	26.78276	2.974
400.0	26.62219	2.887
400.1	26.86951	2.867
400.2	26.37900	3.212
400.3	26.50854	3.120
400.4	26.43245	3.027
400.5	26.42302	2.927
400.6	26.28373	2.828
400.7	26.20932	2.729
400.8	26.16502	2.626
400.9	26.05647	2.533
401.0	25.72756	2.427
401.1	25.32856	2.324
401.2	25.20315	2.799
401.3	25.07235	2.712
401.4	24.88726	2.634
401.5	24.81932	2.943
401.6	24.73964	2.862
401.7	25.49797	2.839
401.8	25.38509	2.760
401.9	25.41887	3.043
402.0	25.78848	2.983
402.1	25.34373	3.233
402.2	25.45316	3.173
402.3	25.53587	3.087
402.4	25.54732	2.999
402.5	25.42817	2.941
402.6	25.38941	2.856
402.7	25.27907	2.778
402.8	25.34337	2.690
402.9	25.23197	3.021
403.0	25.24300	2.934
403.1	25.04288	2.889
403.2	24.72752	3.212
403.3	24.79781	3.120
403.4	24.72488	3.068
403.5	24.96885	2.982
403.6	25.09056	2.895
403.7	25.00496	2.806
403.8	24.88236	2.727
403.9	24.59328	2.624
404.0	24.32369	2.526
404.1	24.07205	2.423
404.2	23.79881	2.320
404.3	23.44021	2.225
404.4	23.66273	3.108
404.5	23.63641	3.022
404.6	23.68046	2.938
404.7	23.74167	2.849
404.8	23.66319	2.765
404.9	23.57602	2.686
405.0	23.66499	2.984
405.1	23.58571	2.899
405.2	23.64778	3.168
405.3	23.64218	3.078
405.4	23.88356	3.033
405.5	23.83613	2.951
405.6	23.73396	2.910
405.7	23.74335	2.822
405.8	23.59388	2.777
405.9	23.45427	2.699
406.0	23.18921	2.615
406.1	23.27306	2.928
406.2	23.20251	2.845
406.3	23.11142	3.123
406.4	23.21701	3.036
406.5	23.08094	2.951
406.6	23.36111	2.885
406.7	23.23328	2.802
406.8	23.15169	2.718
406.9	22.96453	2.636
407.0	22.68378	2.558
407.1	21.90893	3.338
407.2	22.05771	3.251
407.3	22.36420	3.159
407.4	22.36117	3.074
407.5	22.32062	2.990
407.6	22.32089	2.932
407.7	22.24122	2.850
407.8	22.27387	2.764
407.9	22.10543	2.679
408.0	21.96555	2.598
408.1	22.32970	2.972
408.2	22.20754	2.891
408.3	22.11135	2.808
408.4	22.07107	3.098
408.5	22.29387	3.006
408.6	22.30547	2.955
408.7	22.23794	2.869
408.8	22.09254	2.786
408.9	22.03614	2.702
409.0	21.78290	3.007
409.1	21.79585	2.926
409.2	21.74400	2.843
409.3	21.84843	3.105
409.4	21.85241	3.016
409.5	21.84046	2.977
409.6	21.78745	2.893
409.7	21.66643	2.852
409.8	21.14320	2.820
409.9	21.04078	2.733
410.0	20.92107	2.650
410.1	20.74496	2.622
410.2	20.64712	3.267
410.3	20.76567	3.182
410.4	20.81289	3.098
410.5	20.81261	3.013
410.6	20.78258	2.923
410.7	20.73357	2.844
410.8	20.64604	2.760
410.9	20.52566	2.678
411.0	20.41027	2.592
411.1	20.46655	2.504
411.2	20.97941	2.896
411.3	20.86245	2.813
411.4	20.76367	2.727
411.5	20.68020	2.981
411.6	20.61549	2.894
411.7	20.48058	2.875
411.8	20.44165	3.144
411.9	20.56449	3.079
412.0	20.59522	3.041
412.1	20.56478	2.995
412.2	20.54273	2.914
412.3	20.48690	2.828
412.4	20.35069	2.744
412.5	20.36839	2.996
412.6	20.25464	2.950
412.7	20.22432	2.898
412.8	20.18968	2.816
412.9	20.02477	2.735
413.0	19.89264	2.810
413.1	20.02269	2.717
413.2	19.86425	2.615
413.3	19.70384	2.513
413.4	19.51756	2.416
413.5	19.33919	3.020
413.6	19.31008	2.976
413.7	19.25897	2.895
413.8	19.26064	2.850
413.9	19.12812	2.763
414.0	19.03364	2.683
414.1	18.96031	2.601
414.2	18.82755	2.517
414.3	19.71545	2.813
414.4	19.67860	3.085
414.5	19.66364	2.996
414.6	19.61773	2.914
414.7	19.49504	2.856
414.8	19.41876	2.777
414.9	19.34102	3.140
415.0	19.48134	3.054
415.1	19.46455	3.006
415.2	19.44751	2.917
415.3	19.39298	2.835
415.4	19.31437	2.751
415.5	19.14673	2.671
415.6	19.08510	2.980
415.7	19.11046	2.895
415.8	19.09464	2.809
415.9	19.00551	2.723
416.0	18.93546	2.907
416.1	18.84357	2.810
416.2	18.76097	2.710
416.3	18.63866	2.611
416.4	18.62469	2.506
416.5	18.50370	2.409
416.6	18.29675	2.307
416.7	18.06181	2.210
416.8	17.99978	2.822
416.9	17.95037	2.735
417.0	17.85724	2.689
417.1	17.74810	2.605
417.2	18.23533	2.896
417.3	18.25119	2.807
417.4	18.34320	2.725
417.5	18.18953	2.644
417.6	18.39064	3.029
417.7	18.46893	2.938
417.8	18.42581	2.856
417.9	18.31859	2.775
418.0	18.19542	2.692
418.1	18.36742	3.003
418.2	18.36907	2.917
418.3	18.29039	2.835
418.4	18.15648	2.750
418.5	18.03610	2.669
418.6	18.06943	2.965
418.7	18.04122	2.881
418.8	17.98510	2.798
418.9	17.90118	2.712
419.0	17.84704	3.002
419.1	17.81995	2.903
419.2	17.74814	2.803
419.3	17.67463	2.703
419.4	17.58628	2.607
419.5	17.35634	2.507
419.6	17.00142	3.021
419.7	17.11652	2.930
419.8	17.05917	3.203
419.9	17.09864	3.139
420.0	17.13101	3.054
420.1	17.16644	3.014
420.2	17.18694	2.927
420.3	17.14602	2.844
420.4	17.12944	2.801
420.5	17.29087	3.118
420.6	17.31097	3.030
420.7	17.36917	2.942
420.8	17.33059	2.859
420.9	17.26943	2.778
421.0	17.10010	3.058
421.1	17.10280	2.973
421.2	17.02689	2.914
421.3	16.97641	2.831
421.4	16.84887	3.148
421.5	16.87389	3.103
421.6	16.98490	3.013
421.7	16.98616	2.968
421.8	16.96659	2.879
421.9	16.87538	2.799
422.0	16.76352	2.716
422.1	16.73299	3.003
422.2	16.67791	2.899
422.3	16.43350	2.798
422.4	16.35849	2.704
422.5	16.28669	2.601
422.6	16.09980	2.500
422.7	15.93620	2.400
422.8	15.75418	2.846
422.9	15.72015	3.171
423.0	15.75035	3.125
423.1	15.73854	3.039
423.2	15.95769	2.948
423.3	15.96568	2.865
423.4	15.89869	2.815
423.5	15.85439	2.732
423.6	16.28878	3.029
423.7	16.24431	2.944
423.8	16.22566	2.859
423.9	16.13225	2.776
424.0	16.07065	2.694
424.1	16.02062	2.989
424.2	15.95170	2.905
424.3	15.95727	2.906
424.4	15.91388	2.823
424.5	15.85474	3.113
424.6	15.85810	3.057
424.7	15.99742	2.970
424.8	15.98177	2.887
424.9	15.87466	2.802
425.0	15.79970	2.718
425.1	15.64124	2.640
425.2	15.55605	2.943
425.3	15.54396	2.858
425.4	15.50911	2.774
425.5	15.43984	2.693
425.6	15.28979	2.595
425.7	15.06545	2.499
425.8	14.96023	2.398
425.9	14.84156	2.843
426.0	14.78265	3.132
426.1	14.78152	3.043
426.2	14.80024	2.959
426.3	14.77300	2.905
426.4	14.73725	2.819
426.5	14.88770	2.733
426.6	14.80096	2.647
426.7	15.31532	2.930
426.8	15.26723	2.848
426.9	15.18804	2.766
427.0	15.10634	2.679
427.1	14.93624	2.601
427.2	14.79273	2.519
427.3	14.96269	2.916
427.4	15.04198	2.828
427.5	14.95412	3.110
427.6	15.00662	3.022
427.7	14.99211	2.966
427.8	14.96595	2.885
427.9	14.95875	2.799
428.0	14.92721	2.714
428.1	14.80949	2.631
428.2	14.79194	2.970
428.3	14.77053	2.887
428.4	14.70435	2.804
428.5	14.63885	2.761
428.6	14.56495	2.678
428.7	14.40748	2.594
428.8	14.30771	2.491
428.9	14.14632	2.392
429.0	13.98585	2.291
429.1	13.85130	3.042
429.2	13.83963	2.986
429.3	13.81646	2.898
429.4	13.75129	2.815
429.5	13.71092	2.733
429.6	13.98703	3.034
429.7	13.99952	2.949
429.8	14.12681	2.904
429.9	13.98201	3.230
430.0	14.13411	3.138
430.1	14.13404	3.053
430.2	14.15503	2.999
430.3	14.11671	2.915
430.4	14.08370	2.832
430.5	13.98681	2.746
430.6	13.97211	3.018
430.7	14.08580	2.959
430.8	14.04762	2.875
430.9	13.73101	3.247
431.0	13.80526	3.161
431.1	13.83852	3.077
431.2	13.81681	3.026
431.3	13.91995	2.936
431.4	13.89040	2.851
431.5	13.81582	2.770
431.6	13.72563	2.687
431.7	13.60611	2.607
431.8	13.47082	2.525
431.9	13.16491	3.268
432.0	13.19775	3.180
432.1	13.24067	3.095
432.2	13.25477	3.050
432.3	13.25174	2.966
432.4	13.23961	2.880
432.5	13.20964	2.794
432.6	13.15873	2.713
432.7	13.10359	3.004
432.8	13.11052	2.919
432.9	13.12332	3.226
433.0	13.17214	3.166
433.1	13.31666	3.077
433.2	13.33207	2.992
433.3	13.30890	2.907
433.4	13.25291	2.823
433.5	13.18649	2.738
433.6	13.10723	2.655
433.7	13.05672	2.970
433.8	13.01911	2.926
433.9	12.87221	2.885
434.0	12.90982	2.797
434.1	12.88779	3.051
434.2	12.88891	2.997
434.3	13.00297	2.942
434.4	12.96022	2.854
434.5	12.95156	2.771
434.6	12.87150	2.688
434.7	12.78774	2.606
434.8	12.58332	2.685
434.9	12.39366	2.589
435.0	12.28333	2.485
435.1	12.27453	3.151
435.2	12.28431	3.068
435.3	12.38728	2.978
435.4	12.37549	2.893
435.5	12.34496	2.808
435.6	12.30386	2.724
435.7	12.25402	3.005
435.8	12.24600	2.922
435.9	12.34822	2.886
436.0	12.31750	2.805
436.1	12.31363	3.072
436.2	12.31382	2.986
436.3	12.42388	2.942
436.4	12.39641	2.898
436.5	12.36602	2.812
436.6	12.28776	2.732
436.7	12.20070	2.650
436.8	12.11945	2.976
436.9	12.09280	2.889
437.0	12.06341	2.805
437.1	12.19577	3.075
437.2	12.22640	3.017
437.3	12.20889	2.931
437.4	12.17431	2.849
437.5	12.12387	2.765
437.6	12.06054	2.681
437.7	11.96416	2.628
437.8	11.83921	2.547
437.9	11.70745	2.680
438.0	11.64094	2.585
438.1	11.54803	2.481
438.2	11.45770	3.098
438.3	11.48089	3.014
438.4	11.45994	2.928
438.5	11.43851	2.843
438.6	11.40619	2.759
438.7	11.36632	2.674
438.8	11.29937	2.594
438.9	11.36343	2.506
439.0	11.54727	2.839
439.1	11.56937	3.132
439.2	11.58419	3.044
439.3	11.57614	2.961
439.4	11.55275	2.875
439.5	11.50236	2.793
439.6	11.43971	2.746
439.7	11.32739	3.060
439.8	11.40508	2.997
439.9	11.42803	2.910
440.0	11.40083	2.827
440.1	11.34803	2.745
440.2	11.29249	3.012
440.3	11.40105	2.923
440.4	11.37470	2.882
440.5	11.26707	2.804
440.6	11.14352	3.078
440.7	11.16025	2.977
440.8	11.08865	2.877
440.9	11.18803	2.777
441.0	11.13732	2.677
441.1	11.04295	2.578
441.2	10.91158	2.478
441.3	10.82151	2.380
441.4	10.71490	2.280
441.5	10.64739	2.837
441.6	10.61985	2.752
441.7	10.58195	2.668
441.8	10.77399	2.989
441.9	10.76985	2.942
442.0	10.74438	2.856
442.1	10.86758	2.803
442.2	10.86305	3.050
442.3	10.82996	2.998
442.4	10.80880	2.913
442.5	10.73321	2.860
442.6	10.77190	3.127
442.7	10.77419	3.068
442.8	10.75273	2.983
442.9	10.81255	2.940
443.0	10.78780	2.855
443.1	10.75456	2.813
443.2	10.69630	2.730
443.3	10.62976	2.648
443.4	10.47837	2.569
443.5	10.52239	2.890
443.6	10.54707	2.804
443.7	10.49284	3.075
443.8	10.49171	2.975
443.9	10.47766	2.875
444.0	10.45317	2.776
444.1	10.39928	2.676
444.2	10.31140	2.575
444.3	10.25934	2.475
444.4	10.00704	3.009
444.5	10.02934	3.292
444.6	10.04846	3.236
444.7	10.07468	3.151
444.8	10.07734	3.065
444.9	10.08303	2.980
445.0	10.08844	2.894
445.1	10.06268	2.810
445.2	10.06757	2.725
445.3	10.02548	2.972
445.4	10.08092	2.936
445.5	10.04718	2.852
445.6	10.06274	2.767
445.7	10.05331	3.095
445.8	10.05180	3.007
445.9	10.04294	2.925
446.0	10.00931	2.878
446.1	10.09178	2.824
446.2	10.05272	2.740
446.3	9.98111	2.659
446.4	9.95555	2.969
446.5	9.94378	2.883
446.6	9.92922	2.800
446.7	9.89439	2.715
446.8	9.80979	2.635
446.9	9.88621	2.900
447.0	9.85390	2.839
447.1	9.80746	2.757
447.2	9.75977	2.669
447.3	9.67377	2.572
447.4	9.41520	2.471
447.5	9.33865	3.293
447.6	9.36151	3.207
447.7	9.38990	3.120
447.8	9.45762	3.058
447.9	9.45525	2.972
448.0	9.45297	2.887
448.1	9.43789	2.803
448.2	9.40475	2.719
448.3	9.50406	3.067
448.4	9.51652	2.982
448.5	9.49743	2.935
448.6	9.49061	2.851
448.7	9.44729	2.769
448.8	9.44338	3.053
448.9	9.43296	2.968
449.0	9.42551	2.881
449.1	9.38345	2.831
449.2	9.33948	2.746
449.3	9.28916	3.046
449.4	9.31115	2.961
449.5	9.36172	2.873
449.6	9.33875	2.788
449.7	9.28129	2.706
449.8	9.17894	2.625
449.9	9.26451	2.949
450.0	9.25716	2.901
450.1	9.10727	2.860
450.2	9.06718	2.766
450.3	8.99044	2.665
450.4	8.93374	2.566
450.5	8.87396	2.467
450.6	8.79341	3.197
450.7	8.82910	3.107
450.8	8.83096	3.022
450.9	8.82953	2.937
451.0	8.81787	2.878
451.1	8.80955	2.793
451.2	8.78599	2.753
451.3	8.75910	2.669
451.4	8.92619	3.024
451.5	8.91300	2.942
451.6	8.89074	2.858
451.7	8.84276	2.774
451.8	8.86795	3.049
451.9	8.84456	2.991
452.0	8.80340	2.909
452.1	8.73456	2.826
452.2	8.73671	3.138
452.3	8.74854	3.052
452.4	8.74111	3.008
452.5	8.78908	2.959
452.6	8.77060	2.874
452.7	8.73573	2.792
452.8	8.67235	2.710
452.9	8.56005	2.630
453.0	8.55116	2.945
453.1	8.54300	2.860
453.2	8.51372	2.776
453.3	8.49058	2.692
453.4	8.43862	2.608
453.5	8.34482	2.528
453.6	8.25705	2.465
453.7	8.17221	2.362
453.8	8.17057	3.117
453.9	8.17365	3.031
454.0	8.18211	2.944
454.1	8.16789	2.859
454.2	8.15228	2.775
454.3	8.12227	2.691
454.4	8.18003	2.604
454.5	8.41201	2.934
454.6	8.41284	2.851
454.7	8.37866	2.766
454.8	8.31262	2.685
454.9	8.24524	2.602
455.0	8.24705	2.941
455.1	8.23422	2.857
455.2	8.20668	2.773
455.3	8.24640	3.102
455.4	8.25265	3.016
455.5	8.25009	2.932
455.6	8.22052	2.847
455.7	8.20420	2.795
455.8	8.19085	2.712
455.9	8.13403	2.630
456.0	8.13307	2.931
456.1	8.11443	2.848
456.2	8.07353	2.766
456.3	8.01813	2.682
456.4	7.95469	2.601
456.5	7.95597	2.659
456.6	7.90611	2.558
456.7	7.84299	2.458
456.8	7.77869	2.361
456.9	7.70010	2.259
457.0	7.58030	2.161
457.1	7.55921	2.872
457.2	7.71825	3.165
457.3	7.73406	3.080
457.4	7.74186	2.993
457.5	7.72155	2.909
457.6	7.83076	2.844
457.7	7.79629	2.761
457.8	7.75621	2.676
457.9	7.75784	3.043
458.0	7.80184	2.954
458.1	7.79433	2.870
458.2	7.75524	2.788
458.3	7.71753	2.740
458.4	7.76955	3.016
458.5	7.76956	2.959
458.6	7.75512	2.875
458.7	7.71628	2.793
458.8	7.67608	2.709
458.9	7.58335	3.008
459.0	7.60156	2.922
459.1	7.58306	2.838
459.2	7.61345	2.797
459.3	7.57961	2.753
459.4	7.53254	2.672
459.5	7.49401	2.588
459.6	7.42904	2.506
459.7	7.35179	2.555
459.8	7.29980	2.455
459.9	7.23202	2.354
460.0	7.15605	2.256
460.1	7.04768	2.156
460.2	6.94326	2.056
460.3	7.14751	3.119
460.4	7.20650	3.031
460.5	7.22165	2.943
460.6	7.22882	2.859
460.7	7.21974	3.222
460.8	7.25134	3.136
460.9	7.26280	3.050
461.0	7.31426	2.992
461.1	7.31193	2.908
461.2	7.28891	2.822
461.3	7.25658	2.739
461.4	7.23378	3.012
461.5	7.21281	2.928
461.6	7.17838	2.870
461.7	7.07459	3.164
461.8	7.15997	3.115
461.9	7.16044	3.030
462.0	7.15701	2.944
462.1	7.13143	2.861
462.2	7.10828	2.815
462.3	7.12225	2.764
462.4	7.08027	2.681
462.5	7.02981	2.851
462.6	6.89363	2.752
462.7	6.86282	2.651
462.8	6.81499	2.550
462.9	6.74734	2.453
463.0	6.73808	3.009
463.1	6.73184	2.924
463.2	6.72501	2.880
463.3	6.71604	2.797
463.4	6.69498	2.711
463.5	6.71464	3.001
463.6	6.72724	2.914
463.7	6.71536	2.829
463.8	6.80609	3.132
463.9	6.80730	3.047
464.0	6.80469	2.962
464.1	6.78771	2.905
464.2	6.81894	2.818
464.3	6.79555	2.733
464.4	6.74142	2.651
464.5	6.72660	2.920
464.6	6.71088	2.881
464.7	6.63696	2.879
464.8	6.63041	2.795
464.9	6.69245	3.075
465.0	6.70037	2.988
465.1	6.69097	2.904
465.2	6.67142	2.821
465.3	6.63918	2.737
465.4	6.59970	2.685
465.5	6.47060	2.948
465.6	6.46812	2.847
465.7	6.47755	2.747
465.8	6.45280	2.648
465.9	6.39611	2.548
466.0	6.31034	2.447
466.1	6.28626	2.349
466.2	6.25772	2.896
466.3	6.23284	2.812
466.4	6.21932	2.728
466.5	6.28292	2.971
466.6	6.29014	2.886
466.7	6.27355	2.802
466.8	6.25704	2.748
466.9	6.33490	3.041
467.0	6.39674	2.952
467.1	6.38683	2.892
467.2	6.36802	2.807
467.3	6.33648	2.769
467.4	6.30243	2.687
467.5	6.22669	3.056
467.6	6.22469	2.970
467.7	6.24989	2.884
467.8	6.23418	2.798
467.9	6.21822	3.048
468.0	6.21033	2.991
468.1	6.28500	2.927
468.2	6.27167	2.844
468.3	6.24781	2.760
468.4	6.21441	2.677
468.5	6.16927	2.595
468.6	6.11707	2.944
468.7	6.10179	2.844
468.8	6.12766	2.745
468.9	6.10469	2.644
469.0	6.03958	2.544
469.1	6.00347	2.445
469.2	5.94711	2.344
469.3	5.88588	2.244
469.4	5.80833	2.144
469.5	5.77843	3.005
469.6	5.77668	2.918
469.7	5.76656	2.834
469.8	5.74563	2.750
469.9	5.72484	2.668
470.0	5.94933	3.003
470.1	5.99324	2.953
470.2	5.96827	2.871
470.3	5.86952	3.161
470.4	5.88865	3.105
470.5	5.88858	3.019
470.6	5.93295	2.960
470.7	5.94004	2.874
470.8	5.92478	2.790
470.9	5.90409	2.707
471.0	5.89717	2.950
471.1	5.88356	2.891
471.2	5.84591	2.810
471.3	5.75096	2.843
471.4	5.72926	2.759
471.5	5.76928	3.046
471.6	5.76964	2.960
471.7	5.75887	2.909
471.8	5.74440	2.825
471.9	5.73023	2.739
472.0	5.70680	2.639
472.1	5.66471	2.539
472.2	5.49703	3.241
472.3	5.51489	3.200
472.4	5.52630	3.114
472.5	5.53392	3.070
472.6	5.53682	2.985
472.7	5.53523	2.937
472.8	5.52757	2.852
472.9	5.51522	2.768
473.0	5.50123	2.684
473.1	5.51115	2.999
473.2	5.50286	2.914
473.3	5.49406	2.830
473.4	5.56184	3.095
473.5	5.56761	3.009
473.6	5.56177	2.925
473.7	5.55640	2.865
473.8	5.53875	2.782
473.9	5.51084	2.699
474.0	5.53082	3.024
474.1	5.52538	2.941
474.2	5.50125	2.857
474.3	5.45792	2.849
474.4	5.43467	2.765
474.5	5.41116	3.047
474.6	5.45735	2.957
474.7	5.46167	2.901
474.8	5.45411	2.816
474.9	5.43786	2.733
475.0	5.40097	2.649
475.1	5.34775	2.569
475.2	5.29081	2.488
475.3	5.16263	3.219
475.4	5.17471	3.168
475.5	5.18131	3.081
475.6	5.18599	3.028
475.7	5.19013	2.944
475.8	5.18497	2.858
475.9	5.16747	2.774
476.0	5.15772	2.690
476.1	5.13455	2.607
476.2	5.19626	2.904
476.3	5.19218	2.820
476.4	5.19609	3.085
476.5	5.19719	3.000
476.6	5.23182	2.957
476.7	5.21990	2.873
476.8	5.21290	2.830
476.9	5.18954	2.746
477.0	5.16034	2.702
477.1	5.12195	2.619
477.2	5.13889	2.933
477.3	5.13276	2.848
477.4	5.11312	2.765
477.5	5.09679	3.010
477.6	5.09641	2.926
477.7	5.08557	2.869
477.8	5.07174	2.785
477.9	5.09915	2.722
478.0	5.07323	2.640
478.1	5.03511	2.557
478.2	4.89490	2.633
478.3	4.85930	2.533
478.4	4.82472	2.433
478.5	4.86574	3.082
478.6	4.86764	2.997
478.7	4.86714	2.911
478.8	4.86014	2.856
478.9	4.84959	2.771
479.0	4.83437	2.687
479.1	4.81404	2.604
479.2	4.78177	2.521
479.3	4.87285	2.894
479.4	4.85870	2.809
479.5	4.81545	2.728
479.6	4.79365	2.645
479.7	4.85046	2.962
479.8	4.83239	2.879
479.9	4.78386	3.159
480.0	4.79854	3.100
480.1	4.80652	3.013
480.2	4.80346	2.928
480.3	4.79419	2.843
480.4	4.77992	2.759
480.5	4.75609	2.677
480.6	4.76403	2.941
480.7	4.75166	2.858
480.8	4.71321	2.822
480.9	4.68337	2.818
481.0	4.65578	2.736
481.1	4.66023	2.828
481.2	4.64629	2.729
481.3	4.61562	2.629
481.4	4.59031	2.530
481.5	4.55733	2.428
481.6	4.52006	2.329
481.7	4.46872	2.228
481.8	4.47063	2.854
481.9	4.46031	2.770
482.0	4.44895	2.686
482.1	4.49361	2.597
482.2	4.46879	2.514
482.3	4.44139	2.802
482.4	4.57016	2.820
482.5	4.54923	2.736
482.6	4.50477	2.655
482.7	4.48938	2.935
482.8	4.49665	2.879
482.9	4.48940	2.794
483.0	4.48325	3.064
483.1	4.51601	2.999
483.2	4.51952	2.960
483.3	4.51543	2.875
483.4	4.49963	2.833
483.5	4.47550	2.749
483.6	4.45490	2.666
483.7	4.44581	2.957
483.8	4.44533	2.905
483.9	4.43717	2.819
484.0	4.41459	2.737
484.1	4.39956	2.925
484.2	4.39510	2.826
484.3	4.37720	2.726
484.4	4.38417	2.625
484.5	4.34366	2.526
484.6	4.20466	3.112
484.7	4.20888	3.025
484.8	4.20972	3.309
484.9	4.22121	3.222
485.0	4.23125	3.137
485.1	4.23456	3.051
485.2	4.23665	2.965
485.3	4.23927	2.911
485.4	4.23260	2.826
485.5	4.24787	2.740
485.6	4.22659	2.657
485.7	4.20711	2.930
485.8	4.22732	2.869
485.9	4.23274	2.782
486.0	4.19600	2.701
486.1	4.18837	3.029
486.2	4.23782	2.977
486.3	4.23377	2.928
486.4	4.22845	2.843
486.5	4.20653	2.759
486.6	4.18010	2.677
486.7	4.17057	2.987
486.8	4.16628	2.903
486.9	4.15621	2.818
487.0	4.16038	2.732
487.1	4.14526	3.002
487.2	4.14727	2.917
487.3	4.14000	2.821
487.4	4.12330	2.722
487.5	4.10387	2.622
487.6	4.06158	2.521
487.7	3.91135	2.421
487.8	3.91106	2.949
487.9	3.91872	3.225
488.0	3.95313	3.162
488.1	3.95864	3.077
488.2	3.96789	2.991
488.3	3.96766	2.906
488.4	3.96277	2.820
488.5	3.95832	2.736
488.6	3.98056	3.086
488.7	3.98862	3.000
488.8	3.98704	2.953
488.9	4.00540	2.866
489.0	3.99341	2.782
489.1	3.96737	2.699
489.2	3.95563	2.984
489.3	3.95233	2.900
489.4	3.93927	2.847
489.5	3.92199	2.764
489.6	3.89579	2.682
489.7	3.91332	2.977
489.8	3.92300	2.891
489.9	3.91513	2.807
490.0	3.89388	2.724
490.1	3.86785	2.641
490.2	3.86908	3.007
490.3	3.87116	2.918
490.4	3.84261	2.818
490.5	3.78310	2.717
490.6	3.76367	2.617
490.7	3.71315	2.517
490.8	3.68693	2.417
490.9	3.67272	2.861
491.0	3.67875	3.129
491.1	3.68088	3.044
491.2	3.68324	2.982
491.3	3.69311	2.896
491.4	3.69020	2.812
491.5	3.68167	2.773
491.6	3.67772	2.688
491.7	3.73411	3.011
491.8	3.73129	2.960
491.9	3.72591	2.876
492.0	3.72709	2.790
492.1	3.71047	2.707
492.2	3.71083	2.982
492.3	3.70278	2.897
492.4	3.68748	2.841
492.5	3.65785	3.156
492.6	3.66775	3.070
492.7	3.66879	3.026
492.8	3.69006	2.939
492.9	3.68270	2.854
493.0	3.67310	2.808
493.1	3.65297	2.725
493.2	3.62714	2.642
493.3	3.54738	2.967
493.4	3.54048	2.883
493.5	3.55313	2.796
493.6	3.54317	2.712
493.7	3.51975	2.613
493.8	3.48454	2.514
493.9	3.42199	2.414
494.0	3.40134	3.185
494.1	3.43699	3.133
494.2	3.44164	3.047
494.3	3.44340	2.961
494.4	3.43971	2.877
494.5	3.43771	2.791
494.6	3.42868	2.707
494.7	3.41401	2.624
494.8	3.50543	2.956
494.9	3.50174	2.872
495.0	3.49276	2.787
495.1	3.47055	2.705
495.2	3.45133	2.622
495.3	3.42209	2.894
495.4	3.41206	2.881
495.5	3.42336	2.835
495.6	3.41400	2.751
495.7	3.41759	3.040
495.8	3.41693	2.954
495.9	3.43759	2.900
496.0	3.43010	2.815
496.1	3.41694	2.732
496.2	3.38288	2.651
496.3	3.36910	2.928
496.4	3.35880	2.871
496.5	3.34922	2.788
496.6	3.33731	2.703
496.7	3.31757	2.621
496.8	3.28862	2.610
496.9	3.26836	2.510
497.0	3.23721	2.410
497.1	3.16610	2.311
497.2	3.16566	3.061
497.3	3.16816	2.975
497.4	3.16655	2.890
497.5	3.16095	2.836
497.6	3.15403	2.752
497.7	3.14336	2.669
497.8	3.12913	2.585
497.9	3.28241	2.862
498.0	3.27019	2.779
498.1	3.25569	2.695
498.2	3.24301	3.024
498.3	3.24371	2.977
498.4	3.24204	2.892
498.5	3.22884	2.808
498.6	3.23592	2.758
498.7	3.23674	3.037
498.8	3.23688	2.952
498.9	3.23685	2.866
499.0	3.22668	2.783
499.1	3.21301	2.728
499.2	3.19813	2.645
499.3	3.17065	2.942
499.4	3.16730	2.857
499.5	3.17666	2.816
499.6	3.16636	2.732
499.7	3.15221	2.690
499.8	3.11852	2.609
499.9	3.08954	2.528
500.0	3.00719	3.251
500.1	3.01589	3.164
500.2	3.01936	3.078
500.3	3.02650	2.991
500.4	3.02554	2.906
500.5	3.02414	2.821
500.6	3.01666	2.738
500.7	3.01789	3.049
500.8	3.01793	2.963
500.9	3.02055	2.878
501.0	3.00492	2.874
501.1	3.01440	3.158
501.2	3.04612	3.067
501.3	3.04607	2.982
501.4	3.04266	2.898
501.5	3.03526	2.844
501.6	3.02645	2.760
501.7	3.02058	3.032
501.8	3.01993	2.947
501.9	3.04136	2.885
502.0	3.02787	2.801
502.1	2.97760	3.094
502.2	2.98254	3.050
502.3	2.98036	2.965
502.4	3.00176	2.915
502.5	2.99681	2.830
502.6	2.98720	2.781
502.7	2.96881	2.700
502.8	2.94567	2.617
502.9	2.84711	2.703
503.0	2.83660	2.602
503.1	2.82099	2.503
503.2	2.80948	3.069
503.3	2.81144	2.984
503.4	2.81425	2.944
503.5	2.81270	2.858
503.6	2.80730	2.816
503.7	2.79967	2.731
503.8	2.79012	2.648
503.9	2.80756	2.935
504.0	2.80789	2.848
504.1	2.84237	3.152
504.2	2.84341	3.066
504.3	2.87052	3.005
504.4	2.86773	2.920
504.5	2.86371	2.835
504.6	2.85490	2.751
504.7	2.83528	2.668
504.8	2.81266	2.913
504.9	2.80529	2.854
505.0	2.78309	2.897
505.1	2.79675	2.809
505.2	2.79770	3.093
505.3	2.79764	3.009
505.4	2.79602	2.924
505.5	2.78845	2.839
505.6	2.79911	2.783
505.7	2.78812	2.700
505.8	2.77350	2.899
505.9	2.76448	2.799
506.0	2.72105	2.698
506.1	2.70732	2.599
506.2	2.68787	2.499
506.3	2.65478	2.399
506.4	2.64474	2.994
506.5	2.64337	2.909
506.6	2.66272	2.821
506.7	2.65612	2.737
506.8	2.64420	2.654
506.9	2.63266	2.570
507.0	2.62502	2.820
507.1	2.61880	2.736
507.2	2.66121	3.032
507.3	2.66250	2.972
507.4	2.65718	2.888
507.5	2.64969	2.828
507.6	2.63799	2.745
507.7	2.65155	2.744
507.8	2.63767	2.662
507.9	2.61532	2.988
508.0	2.61402	2.903
508.1	2.60856	2.818
508.2	2.60003	2.735
508.3	2.59730	3.010
508.4	2.62586	2.920
508.5	2.61772	2.836
508.6	2.61105	2.779
508.7	2.59871	2.696
508.8	2.58004	2.613
508.9	2.55544	2.895
509.0	2.56571	2.795
509.1	2.55720	2.695
509.2	2.53867	2.595
509.3	2.51393	2.495
509.4	2.49426	2.396
509.5	2.47169	2.295
509.6	2.43823	2.195
509.7	2.41669	2.751
509.8	2.44797	2.990
509.9	2.45207	2.905
510.0	2.44928	2.847
510.1	2.44316	2.762
510.2	2.43572	2.679
510.3	2.49421	3.022
510.4	2.49117	2.937
510.5	2.47812	2.853
510.6	2.44038	2.849
510.7	2.44166	3.157
510.8	2.44436	3.071
510.9	2.46511	2.983
511.0	2.46877	2.896
511.1	2.46606	2.811
511.2	2.45740	2.728
511.3	2.44125	2.973
511.4	2.43793	2.915
511.5	2.45813	2.851
511.6	2.44475	2.768
511.7	2.41059	2.776
511.8	2.40124	3.067
511.9	2.40297	2.991
512.0	2.40318	2.892
512.1	2.39717	2.791
512.2	2.40386	2.692
512.3	2.38238	2.592
512.4	2.36802	2.491
512.5	2.35099	2.392
512.6	2.32247	2.292
512.7	2.29626	2.191
512.8	2.30753	3.090
512.9	2.30971	3.004
513.0	2.30945	2.958
513.1	2.30818	2.872
513.2	2.30494	2.788
513.3	2.29814	2.704
513.4	2.29356	2.989
513.5	2.29689	2.933
513.6	2.30255	2.847
513.7	2.29584	3.120
513.8	2.29973	3.035
513.9	2.30169	2.975
514.0	2.29726	2.890
514.1	2.30959	2.803
514.2	2.30124	2.719
514.3	2.28629	2.636
514.4	2.27301	2.925
514.5	2.27425	2.954
514.6	2.27368	2.869
514.7	2.26873	2.785
514.8	2.26550	3.065
514.9	2.26864	2.979
515.0	2.27114	2.923
515.1	2.27053	2.837
515.2	2.26160	2.754
515.3	2.25181	2.670
515.4	2.22709	2.588
515.5	2.20399	2.488
515.6	2.13620	3.278
515.7	2.14220	3.191
515.8	2.14851	3.138
515.9	2.15096	3.051
516.0	2.15162	2.966
516.1	2.15079	2.881
516.2	2.14999	2.796
516.3	2.14476	2.711
516.4	2.13721	2.628
516.5	2.16867	2.924
516.6	2.16706	2.839
516.7	2.15934	2.756
516.8	2.16906	3.020
516.9	2.17126	2.980
517.0	2.16991	2.936
517.1	2.16720	2.852
517.2	2.15850	2.768
517.3	2.14768	2.723
517.4	2.13166	2.641
517.5	2.14546	2.953
517.6	2.14486	2.868
517.7	2.13738	2.784
517.8	2.12697	2.701
517.9	2.11576	3.001
518.0	2.12978	2.913
518.1	2.12683	2.828
518.2	2.11971	2.744
518.3	2.10628	2.662
518.4	2.08863	2.580
518.5	2.03038	2.585
518.6	2.01226	2.485
518.7	2.00979	3.192
518.8	2.01311	3.106
518.9	2.01855	3.049
519.0	2.01947	2.963
519.1	2.01985	2.877
519.2	2.01757	2.793
519.3	2.01224	2.708
519.4	2.00442	2.625
519.5	2.02218	2.960
519.6	2.03520	2.914
519.7	2.03126	2.829
519.8	2.02074	2.746
519.9	2.01931	3.036
520.0	2.02113	2.983
520.1	2.01252	2.900
520.2	1.99048	3.179
520.3	1.99633	3.121
520.4	2.00418	3.034
520.5	2.00362	2.948
520.6	2.00901	2.862
520.7	2.00413	2.778
520.8	1.99336	2.695
520.9	1.97407	2.614
521.0	1.96712	2.927
521.1	1.95333	2.886
521.2	1.93803	2.843
521.3	1.93215	2.758
521.4	1.92533	2.781
521.5	1.91905	2.680
521.6	1.90904	2.581
521.7	1.89257	2.480
521.8	1.87784	2.380
521.9	1.86114	3.046
522.0	1.86156	2.960
522.1	1.86507	2.875
522.2	1.86295	2.790
522.3	1.85979	2.705
522.4	1.86504	2.618
522.5	1.85572	2.536
522.6	1.90590	2.925
522.7	1.90076	2.841
522.8	1.89290	2.757
522.9	1.88363	2.675
523.0	1.86214	2.594
523.1	1.85058	2.876
523.2	1.86383	3.171
523.3	1.86874	3.085
523.4	1.87631	3.022
523.5	1.87629	2.937
523.6	1.87457	2.897
523.7	1.86979	2.813
523.8	1.87138	2.769
523.9	1.86303	2.685
524.0	1.84431	2.605
524.1	1.82874	2.898
524.2	1.83605	2.844
524.3	1.82639	2.761
524.4	1.81763	2.877
524.5	1.83019	2.777
524.6	1.82474	2.677
524.7	1.81474	2.577
524.8	1.80127	2.476
524.9	1.78777	2.377
525.0	1.77102	2.276
525.1	1.74534	2.176
525.2	1.72430	2.845
525.3	1.72091	2.760
525.4	1.71609	2.714
525.5	1.70944	2.631
525.6	1.70112	2.547
525.7	1.78507	2.841
525.8	1.77719	2.758
525.9	1.76772	2.675
526.0	1.75686	2.593
526.1	1.76544	2.888
526.2	1.76191	2.804
526.3	1.74993	3.134
526.4	1.75231	3.086
526.5	1.76440	2.998
526.6	1.76466	2.913
526.7	1.76246	2.863
526.8	1.75808	2.779
526.9	1.74504	2.697
527.0	1.72943	3.009
527.1	1.73952	2.921
527.2	1.73851	2.837
527.3	1.73361	2.752
527.4	1.72582	2.973
527.5	1.72498	2.873
527.6	1.72580	2.773
527.7	1.71807	2.673
527.8	1.70841	2.573
527.9	1.63861	3.139
528.0	1.64082	3.053
528.1	1.64184	2.967
528.2	1.64241	2.882
528.3	1.64624	3.156
528.4	1.65079	3.070
528.5	1.65143	2.984
528.6	1.65069	2.899
528.7	1.65171	2.841
528.8	1.66710	2.752
528.9	1.65802	2.669
529.0	1.65739	3.022
529.1	1.65851	2.936
529.2	1.66531	2.888
529.3	1.66138	2.804
529.4	1.65507	2.719
529.5	1.64330	3.007
529.6	1.65998	2.948
529.7	1.65741	2.863
529.8	1.65247	2.780
529.9	1.64253	2.697
530.0	1.63663	2.996
530.1	1.63707	2.911
530.2	1.63470	2.826
530.3	1.62559	2.743
530.4	1.62299	2.659
530.5	1.62140	2.969
530.6	1.61884	2.869
530.7	1.61262	2.769
530.8	1.57365	2.669
530.9	1.56429	2.570
531.0	1.54804	2.469
531.1	1.54177	2.964
531.2	1.54073	2.879
531.3	1.53839	2.794
531.4	1.54028	3.087
531.5	1.54862	2.999
531.6	1.54843	2.914
531.7	1.55089	2.874
531.8	1.54817	2.789
531.9	1.55301	3.118
532.0	1.55521	3.032
532.1	1.56535	2.978
532.2	1.56325	2.893
532.3	1.55653	2.810
532.4	1.54952	3.087
532.5	1.55046	3.001
532.6	1.54913	2.917
532.7	1.54392	2.832
532.8	1.52107	3.178
532.9	1.52695	3.091
533.0	1.54030	3.002
533.1	1.53935	2.959
533.2	1.53819	2.873
533.3	1.53291	2.790
533.4	1.52462	2.707
533.5	1.51897	2.661
533.6	1.51574	2.946
533.7	1.49249	2.866
533.8	1.48933	2.765
533.9	1.48425	2.666
534.0	1.46643	2.566
534.1	1.45770	2.466
534.2	1.44664	2.365
534.3	1.43255	2.265
534.4	1.42298	3.118
534.5	1.42494	3.032
534.6	1.44122	2.942
534.7	1.44334	2.856
534.8	1.44314	2.808
534.9	1.43966	2.725
535.0	1.45932	3.034
535.1	1.46062	2.977
535.2	1.45886	2.892
535.3	1.45517	2.808
535.4	1.44889	2.724
535.5	1.44390	2.994
535.6	1.44257	2.910
535.7	1.43202	2.939
535.8	1.43114	2.854
535.9	1.42749	2.770
536.0	1.42051	3.061
536.1	1.43549	2.971
536.2	1.43521	2.920
536.3	1.43021	2.836
536.4	1.42531	2.752
536.5	1.41282	2.671
536.6	1.39827	2.978
536.7	1.39687	2.893
536.8	1.40174	2.806
536.9	1.39702	2.722
537.0	1.38208	2.641
537.1	1.36269	2.562
537.2	1.35325	2.461
537.3	1.33911	3.245
537.4	1.34239	3.159
537.5	1.34464	3.073
537.6	1.34540	2.988
537.7	1.34319	2.903
537.8	1.34174	2.819
537.9	1.33874	2.734
538.0	1.33397	2.650
538.1	1.36689	2.968
538.2	1.36506	2.884
538.3	1.36117	2.799
538.4	1.35496	2.716
538.5	1.34590	2.634
538.6	1.33876	3.002
538.7	1.33851	2.952
538.8	1.34941	2.863
538.9	1.34551	2.779
539.0	1.33817	2.696
539.1	1.33774	2.976
539.2	1.33590	2.891
539.3	1.33235	2.836
539.4	1.33836	2.748
539.5	1.33206	2.665
539.6	1.31680	2.939
539.7	1.31481	2.879
539.8	1.31415	2.839
539.9	1.30998	2.797
540.0	1.30517	2.713
540.1	1.29752	2.631
540.2	1.28193	2.551
540.3	1.24674	3.273
540.4	1.25013	3.186
540.5	1.25254	3.100
540.6	1.25367	3.015
540.7	1.25487	2.929
540.8	1.25375	2.844
540.9	1.25072	2.760
541.0	1.24991	3.027
541.1	1.24999	2.941
541.2	1.25672	2.899
541.3	1.24042	2.899
541.4	1.25047	3.180
541.5	1.25198	3.094
541.6	1.25314	3.039
541.7	1.25257	2.954
541.8	1.25038	2.869
541.9	1.25514	2.782
542.0	1.25790	3.053
542.1	1.25908	2.968
542.2	1.25492	2.884
542.3	1.24853	2.801
542.4	1.22978	3.161
542.5	1.23202	3.074
542.6	1.24130	3.024
542.7	1.24218	2.939
542.8	1.24078	2.889
542.9	1.23832	2.805
543.0	1.23080	2.722
543.1	1.22315	2.640
543.2	1.21260	2.558
543.3	1.16663	2.554
543.4	1.16840	3.176
543.5	1.17178	3.135
543.6	1.17349	3.049
543.7	1.17380	2.964
543.8	1.17536	2.919
543.9	1.17523	2.834
544.0	1.17283	2.749
544.1	1.16889	2.666
544.2	1.16439	2.582
544.3	1.17430	2.901
544.4	1.17582	3.175
544.5	1.17749	3.090
544.6	1.18937	3.000
544.7	1.18981	2.942
544.8	1.18805	2.857
544.9	1.18299	2.774
545.0	1.17846	2.690
545.1	1.16715	2.609
545.2	1.16067	2.877
545.3	1.16317	2.917
545.4	1.16180	2.832
545.5	1.15733	2.748
545.6	1.15352	3.001
545.7	1.16578	2.975
545.8	1.16637	2.889
545.9	1.16410	2.805
546.0	1.16017	2.721
546.1	1.15096	2.639
546.2	1.14026	2.558
546.3	1.12267	2.651
546.4	1.11323	2.551
546.5	1.10620	2.450
546.6	1.09742	2.350
546.7	1.09170	2.984
546.8	1.09202	2.934
546.9	1.09090	2.850
547.0	1.08897	2.765
547.1	1.09626	2.677
547.2	1.09197	2.593
547.3	1.08998	2.874
547.4	1.10132	2.812
547.5	1.09670	3.057
547.6	1.09716	2.998
547.7	1.10785	2.933
547.8	1.10775	2.893
547.9	1.10435	2.851
548.0	1.09992	2.767
548.1	1.09366	2.684
548.2	1.08958	3.008
548.3	1.08980	2.923
548.4	1.08818	2.838
548.5	1.08791	2.753
548.6	1.08600	3.029
548.7	1.08703	2.943
548.8	1.08591	2.859
548.9	1.08380	2.801
549.0	1.07804	2.719
549.1	1.07060	2.636
549.2	1.05729	2.847
549.3	1.05924	2.747
549.4	1.05509	2.647
549.5	1.04655	2.547
549.6	1.03203	2.447
549.7	1.02650	3.020
549.8	1.02658	2.934
549.9	1.02615	2.849
550.0	1.02524	2.764
550.1	1.02103	2.681
550.2	1.01658	2.597
550.3	1.01132	2.515
550.4	1.00874	2.760
550.5	1.02844	3.091
550.6	1.02884	3.005
550.7	1.02802	2.962
550.8	1.02195	2.879
550.9	1.00976	2.873
551.0	1.00898	3.152
551.1	1.01730	3.093
551.2	1.02040	3.006
551.3	1.02048	2.920
551.4	1.01903	2.836
551.5	1.01378	2.753
551.6	1.01600	3.020
551.7	1.01614	2.936
551.8	1.01174	2.877
551.9	0.99988	2.884
552.0	0.99794	2.799
552.1	0.99496	3.043
552.2	0.99434	2.943
552.3	1.00017	2.843
552.4	0.99701	2.743
552.5	0.99132	2.644
552.6	0.98020	2.543
552.7	0.97394	2.444
552.8	0.94499	3.333
552.9	0.94842	3.287
553.0	0.95128	3.201
553.1	0.95325	3.115
553.2	0.95426	3.029
553.3	0.95466	2.943
553.4	0.95402	2.897
553.5	0.95282	2.812
553.6	0.95853	3.061
553.7	0.95828	3.008
553.8	0.95671	2.923
553.9	0.95510	2.870
554.0	0.95254	2.786
554.1	0.95276	3.083
554.2	0.95384	2.998
554.3	0.95841	2.910
554.4	0.95704	2.826
554.5	0.95232	2.743
554.6	0.94794	2.659
554.7	0.93723	2.579
554.8	0.94189	2.978
554.9	0.94179	2.893
555.0	0.94157	2.807
555.1	0.93917	3.088
555.2	0.94202	3.030
555.3	0.94161	2.940
555.4	0.94034	2.839
555.5	0.93889	2.740
555.6	0.93306	2.639
555.7	0.89220	2.540
555.8	0.89090	3.008
555.9	0.89257	3.297
556.0	0.89524	3.210
556.1	0.89744	3.157
556.2	0.89894	3.071
556.3	0.90072	2.985
556.4	0.90195	2.899
556.5	0.90096	2.814
556.6	0.89871	2.730
556.7	0.89555	2.646
556.8	0.90102	2.946
556.9	0.89944	2.862
557.0	0.90025	2.776
557.1	0.89504	2.693
557.2	0.89384	3.005
557.3	0.89435	2.962
557.4	0.89338	2.877
557.5	0.89150	2.830
557.6	0.89566	2.743
557.7	0.88978	2.661
557.8	0.89197	2.974
557.9	0.89164	2.889
558.0	0.88921	2.806
558.1	0.88483	2.722
558.2	0.88214	3.021
558.3	0.88748	2.933
558.4	0.88649	2.849
558.5	0.88427	2.764
558.6	0.87818	2.682
558.7	0.87143	2.600
558.8	0.84627	2.528
558.9	0.83653	3.298
559.0	0.84044	3.211
559.1	0.84228	3.125
559.2	0.84448	3.067
559.3	0.84506	2.982
559.4	0.84541	2.896
559.5	0.84431	2.811
559.6	0.84189	2.728
559.7	0.83900	2.644
559.8	0.84986	2.977
559.9	0.84879	2.892
560.0	0.84607	2.850
560.1	0.84761	2.764
560.2	0.84237	3.056
560.3	0.84318	2.970
560.4	0.83998	2.919
560.5	0.83584	2.836
560.6	0.83156	3.141
560.7	0.83742	3.053
560.8	0.83909	2.967
560.9	0.83849	2.882
561.0	0.83470	2.799
561.1	0.83188	2.715
561.2	0.82391	2.633
561.3	0.82644	2.985
561.4	0.82550	2.901
561.5	0.81304	2.860
561.6	0.81087	2.776
561.7	0.80611	2.693
561.8	0.79913	2.612
561.9	0.79409	2.529
562.0	0.78630	2.432
562.1	0.77990	2.332
562.2	0.78671	3.061
562.3	0.78725	2.975
562.4	0.78969	2.888
562.5	0.78867	2.804
562.6	0.78808	2.719
562.7	0.78517	2.635
562.8	0.78113	2.552
562.9	0.79689	2.944
563.0	0.79565	2.860
563.1	0.79169	2.776
563.2	0.78836	2.693
563.3	0.78566	3.003
563.4	0.78440	2.918
563.5	0.77638	2.838
563.6	0.77928	3.105
563.7	0.78158	3.043
563.8	0.78154	2.958
563.9	0.78522	2.957
564.0	0.78464	2.872
564.1	0.78121	2.789
564.2	0.77745	2.705
564.3	0.76808	2.626
564.4	0.76114	2.952
564.5	0.76087	2.867
564.6	0.75925	2.782
564.7	0.75638	2.828
564.8	0.75543	2.728
564.9	0.75074	2.628
565.0	0.74402	2.529
565.1	0.73914	2.429
565.2	0.73295	2.328
565.3	0.73475	3.026
565.4	0.73497	2.941
565.5	0.73442	2.856
565.6	0.73308	2.771
565.7	0.73104	2.687
565.8	0.72776	2.642
565.9	0.72443	2.559
566.0	0.74203	2.863
566.1	0.74100	2.778
566.2	0.73681	2.696
566.3	0.73186	2.613
566.4	0.72820	2.913
566.5	0.72706	2.829
566.6	0.72380	2.745
566.7	0.72996	3.107
566.8	0.73112	3.021
566.9	0.73087	2.936
567.0	0.72913	2.852
567.1	0.72738	2.767
567.2	0.72581	2.719
567.3	0.72139	2.636
567.4	0.71525	2.554
567.5	0.71939	2.860
567.6	0.71810	2.776
567.7	0.71435	2.693
567.8	0.71056	2.825
567.9	0.71327	2.725
568.0	0.70798	2.625
568.1	0.70439	2.525
568.2	0.69978	2.425
568.3	0.69393	2.325
568.4	0.68040	2.990
568.5	0.68024	2.905
568.6	0.68089	3.180
568.7	0.68219	3.094
568.8	0.68289	3.008
568.9	0.68392	2.922
569.0	0.68386	2.864
569.1	0.69142	2.774
569.2	0.68767	2.691
569.3	0.68139	3.048
569.4	0.68616	2.960
569.5	0.68549	2.875
569.6	0.68366	2.829
569.7	0.68156	2.745
569.8	0.68592	3.027
569.9	0.68625	2.972
570.0	0.68579	2.887
570.1	0.68302	2.804
570.2	0.67960	2.721
570.3	0.67450	3.021
570.4	0.67487	2.936
570.5	0.67391	2.851
570.6	0.67409	2.766
570.7	0.67122	2.682
570.8	0.66971	2.921
570.9	0.66779	2.821
571.0	0.66499	2.721
571.1	0.64417	2.621
571.2	0.64008	2.521
571.3	0.63805	3.073
571.4	0.63854	2.987
571.5	0.63850	2.902
571.6	0.63766	2.817
571.7	0.63922	3.085
571.8	0.64055	2.998
571.9	0.64257	2.937
572.0	0.64198	2.852
572.1	0.64086	2.767
572.2	0.63993	3.144
572.3	0.64088	3.058
572.4	0.64576	3.003
572.5	0.64548	2.917
572.6	0.64489	2.833
572.7	0.64170	2.750
572.8	0.63918	2.998
572.9	0.63857	2.942
573.0	0.63685	2.858
573.1	0.62673	3.158
573.2	0.63374	3.113
573.3	0.63477	3.027
573.4	0.63425	2.984
573.5	0.63378	2.899
573.6	0.63240	2.815
573.7	0.63345	2.767
573.8	0.63010	2.684
573.9	0.62693	2.917
574.0	0.61476	2.817
574.1	0.61373	2.717
574.2	0.61096	2.617
574.3	0.60586	2.517
574.4	0.60175	2.417
574.5	0.59670	2.318
574.6	0.59477	2.810
574.7	0.59330	2.726
574.8	0.59782	3.050
574.9	0.60048	2.963
575.0	0.60036	2.915
575.1	0.59947	2.831
575.2	0.59826	2.746
575.3	0.60114	3.059
575.4	0.60164	2.973
575.5	0.60111	2.918
575.6	0.60391	2.830
575.7	0.60140	2.747
575.8	0.59792	3.018
575.9	0.59713	2.934
576.0	0.59302	2.963
576.1	0.59309	2.877
576.2	0.59142	2.793
576.3	0.59342	3.081
576.4	0.59386	2.996
576.5	0.59394	2.910
576.6	0.59192	2.860
576.7	0.59029	2.776
576.8	0.58565	2.693
576.9	0.58126	2.611
577.0	0.57790	2.913
577.1	0.58011	2.814
577.2	0.57830	2.714
577.3	0.57462	2.613
577.4	0.56797	2.513
577.5	0.56416	2.414
577.6	0.55935	2.313
577.7	0.55634	2.813
577.8	0.55510	2.728
577.9	0.55690	3.011
578.0	0.55791	2.925
578.1	0.55741	2.840
578.2	0.55615	2.756
578.3	0.55450	2.672
578.4	0.56425	2.993
578.5	0.56436	2.907
578.6	0.56346	2.823
578.7	0.56088	2.740
578.8	0.55737	2.657
578.9	0.54981	3.064
579.0	0.55051	2.978
579.1	0.55381	2.890
579.2	0.55263	2.806
579.3	0.54992	2.723
579.4	0.55358	2.999
579.5	0.55530	2.942
579.6	0.55590	2.856
579.7	0.55402	2.772
579.8	0.55130	2.689
579.9	0.54726	2.607
580.0	0.54199	2.991
580.1	0.54214	2.906
580.2	0.54373	2.810
580.3	0.54170	2.710
580.4	0.53806	2.610
580.5	0.52941	2.510
580.6	0.51615	3.297
580.7	0.51777	3.210
580.8	0.51890	3.124
580.9	0.51961	3.038
581.0	0.52013	2.952
581.1	0.51989	2.867
581.2	0.51902	2.782
581.3	0.51759	2.698
581.4	0.51667	2.965
581.5	0.52635	2.959
581.6	0.52426	2.875
581.7	0.51692	2.835
581.8	0.51563	3.151
581.9	0.51624	3.065
582.0	0.52163	2.975
582.1	0.52129	2.890
582.2	0.52061	2.805
582.3	0.51797	2.722
582.4	0.51707	2.995
582.5	0.51600	2.910
582.6	0.51279	2.828
582.7	0.50802	2.772
582.8	0.51101	3.136
582.9	0.51217	3.049
583.0	0.51250	2.963
583.1	0.51183	2.914
583.2	0.51118	2.829
583.3	0.50918	2.746
583.4	0.50630	2.663
583.5	0.50270	2.581
583.6	0.48514	3.329
583.7	0.48746	3.241
583.8	0.48870	3.155
583.9	0.49041	3.110
584.0	0.49099	3.024
584.1	0.49103	2.939
584.2	0.49068	2.854
584.3	0.49031	2.769
584.4	0.48915	2.684
584.5	0.48707	2.601
584.6	0.48803	2.922
584.7	0.48821	2.837
584.8	0.48939	3.111
584.9	0.49083	3.025
585.0	0.49086	2.967
585.1	0.49047	2.882
585.2	0.48822	2.799
585.3	0.48668	2.715
585.4	0.48490	2.982
585.5	0.48401	2.898
585.6	0.48441	2.937
585.7	0.48441	2.852
585.8	0.48309	2.768
585.9	0.48054	2.685
586.0	0.48273	2.998
586.1	0.48256	2.913
586.2	0.48153	2.829
586.3	0.48086	2.744
586.4	0.47829	2.661
586.5	0.47306	2.580
586.6	0.46290	2.603
586.7	0.45945	2.503
586.8	0.45633	2.403
586.9	0.45652	3.089
587.0	0.45712	3.038
587.1	0.45849	2.952
587.2	0.45818	2.866
587.3	0.45775	2.782
587.4	0.45657	2.697
587.5	0.45505	2.614
587.6	0.45273	2.530
587.7	0.46184	2.831
587.8	0.45918	2.748
587.9	0.45698	2.664
588.0	0.45990	3.001
588.1	0.45994	2.915
588.2	0.45927	2.872
588.3	0.45748	2.788
588.4	0.45511	2.705
588.5	0.45389	3.029
588.6	0.45422	2.943
588.7	0.45581	2.857
588.8	0.45362	2.773
588.9	0.45161	2.690
589.0	0.44984	2.995
589.1	0.44958	2.909
589.2	0.44829	2.825
589.3	0.44923	2.739
589.4	0.44640	2.657
589.5	0.44175	2.799
589.6	0.44091	2.699
589.7	0.43794	2.599
589.8	0.43560	2.499
589.9	0.43251	2.399
590.0	0.42871	2.299
590.1	0.42609	2.957
590.2	0.42585	2.872
590.3	0.42533	2.787
590.4	0.42779	2.699
590.5	0.42660	2.615
590.6	0.42447	2.532
590.7	0.42172	2.449
590.8	0.43230	2.807
590.9	0.42966	2.724
591.0	0.42716	2.641
591.1	0.42821	2.971
591.2	0.42734	2.886
591.3	0.42463	3.169
591.4	0.42616	3.111
591.5	0.42669	3.025
591.6	0.42725	2.966
591.7	0.42690	2.881
591.8	0.42589	2.797
591.9	0.42442	2.714
592.0	0.42147	2.631
592.1	0.41885	2.945
592.2	0.41634	2.863
592.3	0.41394	2.822
592.4	0.41356	2.995
592.5	0.41559	2.895
592.6	0.41536	2.795
592.7	0.41362	2.695
592.8	0.41079	2.595
592.9	0.40813	2.495
593.0	0.40244	2.395
593.1	0.39892	2.295
593.2	0.39889	2.892
593.3	0.39837	2.807
593.4	0.39743	2.723
593.5	0.39601	2.639
593.6	0.39420	2.556
593.7	0.39121	2.473
593.8	0.38836	2.391
593.9	0.40133	2.743
594.0	0.39778	2.661
594.1	0.39603	2.947
594.2	0.39618	2.922
594.3	0.39474	2.838
594.4	0.39523	3.106
594.5	0.39630	3.020
594.6	0.39869	2.932
594.7	0.39814	2.871
594.8	0.39663	2.788
594.9	0.39452	2.750
595.0	0.39285	2.667
595.1	0.38860	2.586
595.2	0.38598	2.920
595.3	0.38938	2.864
595.4	0.38845	2.780
595.5	0.38799	2.991
595.6	0.39002	2.891
595.7	0.38939	2.791
595.8	0.38724	2.692
595.9	0.38522	2.591
596.0	0.36777	3.118
596.1	0.36859	3.371
596.2	0.37037	3.319
596.3	0.37159	3.233
596.4	0.37248	3.147
596.5	0.37308	3.060
596.6	0.37372	2.974
596.7	0.37362	2.922
596.8	0.37350	2.837
596.9	0.37272	2.753
597.0	0.37251	2.698
597.1	0.36952	2.974
597.2	0.37130	2.912
597.3	0.37099	2.827
597.4	0.36992	3.156
597.5	0.37091	3.069
597.6	0.37096	2.984
597.7	0.37293	2.935
597.8	0.37232	2.850
597.9	0.37060	2.802
598.0	0.36876	2.719
598.1	0.36517	3.003
598.2	0.36500	2.918
598.3	0.36651	2.860
598.4	0.36536	2.776
598.5	0.36608	3.044
598.6	0.36653	2.958
598.7	0.36591	2.873
598.8	0.36508	2.788
598.9	0.36369	2.688
599.0	0.35082	2.588
599.1	0.34884	2.488
599.2	0.34587	2.388
599.3	0.34535	3.267
599.4	0.34816	3.178
599.5	0.34883	3.092
599.6	0.34919	3.006
599.7	0.34945	2.920
599.8	0.34950	2.862
599.9	0.34892	2.778
600.0	0.34845	2.693
600.1	0.34992	3.003
600.2	0.34990	2.918
600.3	0.35132	2.872
600.4	0.35055	2.826
600.5	0.34896	2.743
600.6	0.34723	2.996
600.7	0.34679	2.911
600.8	0.34094	3.254
600.9	0.34177	3.168
601.0	0.34554	3.078
601.1	0.34608	2.992
601.2	0.34571	2.907
601.3	0.34469	2.849
601.4	0.34385	2.765
601.5	0.34241	2.681
601.6	0.34337	3.007
601.7	0.34314	2.922
601.8	0.34097	2.878
601.9	0.33560	2.784
602.0	0.33460	2.684
602.1	0.33188	2.584
602.2	0.32755	2.484
602.3	0.32621	3.254
602.4	0.32709	3.168
602.5	0.32768	3.082
602.6	0.32796	2.996
602.7	0.32864	2.910
602.8	0.32828	2.825
602.9	0.32759	2.741
603.0	0.32636	2.657
603.1	0.32577	3.023
603.2	0.32564	2.973
603.3	0.32540	2.888
603.4	0.32686	2.834
603.5	0.32602	3.111
603.6	0.32590	3.026
603.7	0.32545	2.941
603.8	0.32148	2.888
603.9	0.32159	3.154
604.0	0.32247	3.068
604.1	0.32255	2.982
604.2	0.32464	2.940
604.3	0.32390	2.856
604.4	0.32228	2.814
604.5	0.32126	2.730
604.6	0.31975	2.685
604.7	0.31628	2.604
604.8	0.31415	2.922
604.9	0.31567	2.835
605.0	0.31451	2.751
605.1	0.31300	2.668
605.2	0.30901	2.580
605.3	0.30342	3.265
605.4	0.30436	3.220
605.5	0.30508	3.134
605.6	0.30551	3.048
605.7	0.30568	2.962
605.8	0.30613	2.876
605.9	0.30567	2.791
606.0	0.30467	2.708
606.1	0.30362	2.662
606.2	0.30715	2.972
606.3	0.30674	2.887
606.4	0.30620	2.803
606.5	0.30500	2.748
606.6	0.30350	2.665
606.7	0.30121	2.911
606.8	0.30152	2.921
606.9	0.30227	2.877
607.0	0.30160	2.792
607.1	0.30012	2.709
607.2	0.29900	2.965
607.3	0.30146	2.911
607.4	0.30100	2.860
607.5	0.29958	2.776
607.6	0.29791	2.693
607.7	0.29585	2.999
607.8	0.29567	2.914
607.9	0.29530	2.830
608.0	0.29421	2.746
608.1	0.29294	2.662
608.2	0.29159	2.677
608.3	0.28876	2.577
608.4	0.28364	2.477
608.5	0.28156	2.377
608.6	0.27899	2.277
608.7	0.27884	2.985
608.8	0.27881	2.933
608.9	0.27859	2.848
609.0	0.27807	2.764
609.1	0.27726	2.680
609.2	0.27612	2.596
609.3	0.28760	2.907
609.4	0.28690	2.823
609.5	0.28580	2.739
609.6	0.28212	3.072
609.7	0.28253	2.986
609.8	0.28241	2.939
609.9	0.28184	2.855
610.0	0.28301	2.803
610.1	0.28215	2.719
610.2	0.28172	2.999
610.3	0.28134	2.915
610.4	0.27526	2.868
610.5	0.27613	3.135
610.6	0.27672	3.049
610.7	0.27851	2.961
610.8	0.27839	2.900
610.9	0.27786	2.861
611.0	0.27724	2.819
611.1	0.27604	2.735
611.2	0.27393	2.653
611.3	0.27155	2.572
611.4	0.26409	2.573
611.5	0.26441	3.208
611.6	0.26500	3.122
611.7	0.26534	3.036
611.8	0.26570	2.950
611.9	0.26556	2.865
612.0	0.26520	2.781
612.1	0.26444	2.697
612.2	0.26412	2.939
612.3	0.26447	2.853
612.4	0.26494	2.917
612.5	0.26432	2.832
612.6	0.26612	3.113
612.7	0.26654	3.027
612.8	0.26652	2.942
612.9	0.26633	2.888
613.0	0.26531	2.804
613.1	0.26426	2.721
613.2	0.26273	2.638
613.3	0.26513	2.906
613.4	0.26418	2.822
613.5	0.26102	2.768
613.6	0.26111	3.054
613.7	0.26126	2.968
613.8	0.26336	2.959
613.9	0.26312	2.874
614.0	0.26276	2.825
614.1	0.26143	2.742
614.2	0.25997	2.659
614.3	0.25420	2.769
614.4	0.25338	2.670
614.5	0.25202	2.569
614.6	0.25003	2.469
614.7	0.24879	3.070
614.8	0.24904	3.025
614.9	0.24912	2.940
615.0	0.24913	2.855
615.1	0.24870	2.770
615.2	0.24799	2.686
615.3	0.24689	2.602
615.4	0.24609	2.858
615.5	0.24997	2.834
615.6	0.24849	2.752
615.7	0.25008	3.052
615.8	0.25042	2.966
615.9	0.25018	2.881
616.0	0.24945	2.797
616.1	0.24826	2.713
616.2	0.24653	2.631
616.3	0.24478	2.876
616.4	0.24621	2.938
616.5	0.24669	2.852
616.6	0.24607	2.768
616.7	0.24425	2.685
616.8	0.24408	2.970
616.9	0.24395	2.916
617.0	0.24348	2.831
617.1	0.24452	2.744
617.2	0.24277	2.662
617.3	0.24121	2.866
617.4	0.24142	2.766
617.5	0.24059	2.666
617.6	0.23902	2.566
617.7	0.23658	2.466
617.8	0.23443	2.366
617.9	0.23223	2.266
618.0	0.23138	2.870
618.1	0.23268	2.782
618.2	0.23204	2.698
618.3	0.23113	2.614
618.4	0.22997	2.531
618.5	0.22857	2.783
618.6	0.23385	2.747
618.7	0.23264	3.018
618.8	0.23261	2.933
618.9	0.23238	2.873
619.0	0.23363	2.830
619.1	0.23300	2.746
619.2	0.23201	2.705
619.3	0.23141	2.995
619.4	0.23177	2.942
619.5	0.23145	2.857
619.6	0.23087	2.773
619.7	0.23004	3.050
619.8	0.23029	2.964
619.9	0.23011	2.879
620.0	0.22967	2.795
620.1	0.22864	2.739
620.2	0.22722	2.656
620.3	0.22666	2.962
620.4	0.22662	2.862
620.5	0.22697	2.762
620.6	0.22592	2.662
620.7	0.22359	2.562
620.8	0.22227	2.462
620.9	0.21744	2.362
621.0	0.21632	2.872
621.1	0.21600	2.787
621.2	0.21544	2.703
621.3	0.21462	2.620
621.4	0.21404	2.866
621.5	0.21369	2.781
621.6	0.21313	2.697
621.7	0.21696	3.070
621.8	0.21706	2.984
621.9	0.21649	2.938
622.0	0.21557	2.855
622.1	0.21466	3.171
622.2	0.21522	3.114
622.3	0.21662	3.026
622.4	0.21669	2.940
622.5	0.21663	2.855
622.6	0.21615	2.771
622.7	0.21458	2.689
622.8	0.21342	2.606
622.9	0.21055	2.881
623.0	0.21061	2.907
623.1	0.21092	2.821
623.2	0.21123	3.110
623.3	0.21154	3.024
623.4	0.21144	2.939
623.5	0.21111	2.858
623.6	0.21168	2.758
623.7	0.21028	2.658
623.8	0.20872	2.558
623.9	0.20650	2.458
624.0	0.20202	3.265
624.1	0.20279	3.219
624.2	0.20327	3.133
624.3	0.20371	3.047
624.4	0.20381	2.961
624.5	0.20376	2.876
624.6	0.20374	2.791
624.7	0.20322	2.707
624.8	0.20166	2.663
624.9	0.20123	2.979
625.0	0.20177	2.892
625.1	0.20138	2.808
625.2	0.20200	3.078
625.3	0.20245	3.018
625.4	0.20240	2.933
625.5	0.20280	2.847
625.6	0.20206	2.763
625.7	0.20087	2.680
625.8	0.19904	2.599
625.9	0.19753	2.888
626.0	0.19917	2.879
626.1	0.19882	2.830
626.2	0.19818	2.746
626.3	0.19927	3.023
626.4	0.19926	2.938
626.5	0.19919	2.881
626.6	0.19881	2.797
626.7	0.19802	2.713
626.8	0.19644	2.631
626.9	0.19469	2.550
627.0	0.18721	3.322
627.1	0.18780	3.236
627.2	0.18828	3.149
627.3	0.18940	3.061
627.4	0.18971	3.008
627.5	0.18982	2.923
627.6	0.19012	2.837
627.7	0.18976	2.752
627.8	0.18913	2.669
627.9	0.19058	2.968
628.0	0.19037	2.883
628.1	0.19010	2.799
628.2	0.18993	3.111
628.3	0.19033	3.024
628.4	0.19033	2.939
628.5	0.19019	2.895
628.6	0.18966	2.811
628.7	0.18891	2.728
628.8	0.18770	2.645
628.9	0.18681	2.970
629.0	0.18792	2.882
629.1	0.18748	2.828
629.2	0.18663	2.745
629.3	0.18619	3.018
629.4	0.18738	2.956
629.5	0.18719	2.871
629.6	0.18683	2.787
629.7	0.18561	2.704
629.8	0.18084	2.751
629.9	0.18046	2.651
630.0	0.17920	2.551
630.1	0.17810	2.451
630.2	0.17801	3.147
630.3	0.17840	3.061
630.4	0.17878	3.003
630.5	0.17896	2.917
630.6	0.17878	2.833
630.7	0.17849	2.748
630.8	0.17793	2.664
630.9	0.17708	2.581
631.0	0.17888	2.915
631.1	0.17859	2.831
631.2	0.17756	2.748
631.3	0.17768	3.079
631.4	0.17781	2.993
631.5	0.17729	2.909
631.6	0.17507	3.223
631.7	0.17578	3.136
631.8	0.17615	3.050
631.9	0.17728	2.989
632.0	0.17720	2.904
632.1	0.17665	2.820
632.2	0.17612	2.736
632.3	0.17419	2.655
632.4	0.17391	2.922
632.5	0.17314	2.884
632.6	0.17123	2.884
632.7	0.17085	2.799
632.8	0.17078	2.714
632.9	0.17015	2.747
633.0	0.16955	2.647
633.1	0.16841	2.547
633.2	0.16718	2.447
633.3	0.16586	2.347
633.4	0.16476	2.976
633.5	0.16624	2.886
633.6	0.16602	2.802
633.7	0.16578	2.743
633.8	0.16561	2.658
633.9	0.16507	2.574
634.0	0.16411	2.491
634.1	0.16788	2.882
634.2	0.16750	2.798
634.3	0.16680	2.714
634.4	0.16516	2.633
634.5	0.16398	2.916
634.6	0.16374	2.861
634.7	0.16449	3.127
634.8	0.16494	3.041
634.9	0.16485	2.956
635.0	0.16469	2.895
635.1	0.16412	2.812
635.2	0.16355	2.774
635.3	0.16361	2.729
635.4	0.16232	2.648
635.5	0.16127	2.940
635.6	0.16082	2.889
635.7	0.16038	2.804
635.8	0.16007	2.943
635.9	0.16100	2.843
636.0	0.16064	2.744
636.1	0.15983	2.644
636.2	0.15856	2.543
636.3	0.15262	3.179
636.4	0.15292	3.093
636.5	0.15308	3.007
636.6	0.15310	2.922
636.7	0.15349	3.172
636.8	0.15378	3.086
636.9	0.15393	3.000
637.0	0.15397	2.947
637.1	0.15403	2.862
637.2	0.15621	2.802
637.3	0.15544	2.718
637.4	0.15442	2.636
637.5	0.15370	2.936
637.6	0.15352	2.851
637.7	0.15304	2.767
637.8	0.15320	3.094
637.9	0.15457	3.005
638.0	0.15458	2.958
638.1	0.15429	2.873
638.2	0.15395	2.789
638.3	0.15296	2.706
638.4	0.15190	2.624
638.5	0.15049	2.972
638.6	0.15119	2.885
638.7	0.15123	2.799
638.8	0.15105	3.040
638.9	0.15113	2.940
639.0	0.15071	2.840
639.1	0.15100	2.740
639.2	0.15031	2.640
639.3	0.14420	2.540
639.4	0.14328	2.440
639.5	0.14344	3.013
639.6	0.14346	2.928
639.7	0.14380	3.203
639.8	0.14411	3.116
639.9	0.14443	3.030
640.0	0.14448	2.944
640.1	0.14458	2.859
640.2	0.14460	2.773
640.3	0.14404	3.069
640.4	0.14438	3.028
640.5	0.14448	2.984
640.6	0.14514	2.896
640.7	0.14501	2.850
640.8	0.14448	2.766
640.9	0.14373	2.683
641.0	0.14448	2.965
641.1	0.14391	2.881
641.2	0.14201	3.162
641.3	0.14244	3.103
641.4	0.14264	3.017
641.5	0.14268	2.932
641.6	0.14255	2.873
641.7	0.14275	2.787
641.8	0.14226	2.703
641.9	0.14191	2.990
642.0	0.14186	2.936
642.1	0.14141	2.836
642.2	0.13831	2.736
642.3	0.13773	2.636
642.4	0.13664	2.536
642.5	0.13576	2.436
642.6	0.13471	2.924
642.7	0.13493	3.193
642.8	0.13520	3.107
642.9	0.13607	3.018
643.0	0.13609	2.933
643.1	0.13619	2.872
643.2	0.13598	2.787
643.3	0.13561	2.703
643.4	0.13496	3.082
643.5	0.13630	3.025
643.6	0.13631	2.940
643.7	0.13611	2.855
643.8	0.13576	2.771
643.9	0.13511	3.020
644.0	0.13461	2.936
644.1	0.13301	2.912
644.2	0.13304	2.827
644.3	0.13310	3.093
644.4	0.13317	3.007
644.5	0.13402	2.964
644.6	0.13392	2.880
644.7	0.13380	2.836
644.8	0.13318	2.753
644.9	0.13262	2.708
645.0	0.13229	2.993
645.1	0.13203	2.909
645.2	0.13138	2.832
645.3	0.13094	2.732
645.4	0.13034	2.632
645.5	0.12934	2.532
645.6	0.12634	3.286
645.7	0.12672	3.200
645.8	0.12700	3.113
645.9	0.12720	3.069
646.0	0.12729	2.983
646.1	0.12736	2.898
646.2	0.12721	2.813
646.3	0.12692	2.728
646.4	0.12648	2.645
646.5	0.12739	2.995
646.6	0.12760	2.909
646.7	0.12751	2.853
646.8	0.12718	2.769
646.9	0.12657	2.685
647.0	0.12625	2.955
647.1	0.12558	2.942
647.2	0.12571	2.898
647.3	0.12550	2.814
647.4	0.12493	2.730
647.5	0.12447	3.021
647.6	0.12538	2.933
647.7	0.12535	2.881
647.8	0.12508	2.796
647.9	0.12427	2.714
648.0	0.12342	2.631
648.1	0.12295	2.936
648.2	0.12295	2.850
648.3	0.12285	2.766
648.4	0.12201	2.683
648.5	0.12100	2.602
648.6	0.12027	2.519
648.7	0.11722	2.429
648.8	0.11727	3.173
648.9	0.11750	3.086
649.0	0.11761	3.001
649.1	0.11761	2.915
649.2	0.11750	2.830
649.3	0.11726	2.779
649.4	0.11689	2.695
649.5	0.11644	2.611
649.6	0.11970	2.928
649.7	0.11946	2.844
649.8	0.11910	2.760
649.9	0.11844	2.677
650.0	0.11706	3.083
650.1	0.11729	2.997
650.2	0.11759	2.910
650.3	0.11745	2.826
650.4	0.11702	2.742
650.5	0.11613	2.660
650.6	0.11550	2.911
650.7	0.11507	2.858
650.8	0.11354	2.807
650.9	0.11435	3.098
651.0	0.11467	3.011
651.1	0.11479	2.971
651.2	0.11471	2.886
651.3	0.11450	2.843
651.4	0.11416	2.759
651.5	0.11345	2.677
651.6	0.11264	2.594
651.7	0.10948	3.317
651.8	0.10984	3.230
651.9	0.11011	3.144
652.0	0.11029	3.058
652.1	0.11046	2.972
652.2	0.11043	2.887
652.3	0.11029	2.802
652.4	0.11008	2.718
652.5	0.10971	2.634
652.6	0.10969	2.875
652.7	0.10919	2.862
652.8	0.10969	2.855
652.9	0.10982	3.138
653.0	0.11001	3.083
653.1	0.11008	2.997
653.2	0.11004	2.912
653.3	0.10984	2.828
653.4	0.10965	2.743
653.5	0.10913	2.660
653.6	0.10892	2.933
653.7	0.10858	2.849
653.8	0.10783	2.792
653.9	0.10734	2.709
654.0	0.10757	3.074
654.1	0.10808	3.022
654.2	0.10808	2.936
654.3	0.10800	2.852
654.4	0.10756	2.768
654.5	0.10704	2.685
654.6	0.10626	2.603
654.7	0.10355	2.621
654.8	0.10303	2.522
654.9	0.10237	3.181
655.0	0.10261	3.095
655.1	0.10297	3.008
655.2	0.10302	2.964
655.3	0.10318	2.878
655.4	0.10319	2.793
655.5	0.10305	2.708
655.6	0.10271	2.624
655.7	0.10220	2.541
655.8	0.10348	2.858
655.9	0.10320	2.774
656.0	0.10383	3.047
656.1	0.10399	2.988
656.2	0.10397	2.903
656.3	0.10374	2.818
656.4	0.10345	2.734
656.5	0.10263	2.652
656.6	0.10178	2.571
656.7	0.10194	2.961
656.8	0.10211	2.875
656.9	0.10190	2.791
657.0	0.10116	2.709
657.1	0.10094	2.994
657.2	0.10163	2.936
657.3	0.10151	2.852
657.4	0.10121	2.768
657.5	0.10037	2.686
657.6	0.09922	2.817
657.7	0.09916	2.717
657.8	0.09879	2.618
657.9	0.09810	2.517
658.0	0.09677	2.418
658.1	0.09666	3.060
658.2	0.09673	2.974
658.3	0.09675	2.889
658.4	0.09662	2.804
658.5	0.09638	2.720
658.6	0.09605	2.636
658.7	0.09559	2.553
658.8	0.09502	2.470
658.9	0.09736	2.768
659.0	0.09692	3.064
659.1	0.09684	2.979
659.2	0.09732	2.937
659.3	0.09715	2.852
659.4	0.09689	2.768
659.5	0.09644	2.726
659.6	0.09593	3.051
659.7	0.09602	2.965
659.8	0.09586	2.881
659.9	0.09584	2.795
660.0	0.09534	2.712
660.1	0.09524	2.988
660.2	0.09528	2.903
660.3	0.09515	2.846
660.4	0.09476	2.762
660.5	0.09422	2.679
660.6	0.09367	2.914
660.7	0.09424	2.814
660.8	0.09398	2.714
660.9	0.09341	2.614
661.0	0.09182	2.514
661.1	0.09121	2.414
661.2	0.09051	2.976
661.3	0.09049	2.891
661.4	0.09038	2.806
661.5	0.09020	2.722
661.6	0.08955	2.640
661.7	0.08914	2.557
661.8	0.08861	2.474
661.9	0.08807	2.721
662.0	0.09045	3.090
662.1	0.09048	3.005
662.2	0.09018	2.921
662.3	0.08981	2.876
662.4	0.08923	3.193
662.5	0.09000	3.104
662.6	0.09017	3.018
662.7	0.09023	2.961
662.8	0.09013	2.877
662.9	0.08996	2.792
663.0	0.08937	2.710
663.1	0.08893	2.627
663.2	0.08881	2.921
663.3	0.08859	2.836
663.4	0.08815	2.799
663.5	0.08775	3.110
663.6	0.08782	3.010
663.7	0.08772	2.910
663.8	0.08820	2.810
663.9	0.08783	2.710
664.0	0.08261	3.454
664.1	0.08314	3.391
664.2	0.08363	3.373
664.3	0.08395	3.286
664.4	0.08420	3.200
664.5	0.08438	3.114
664.6	0.08453	3.069
664.7	0.08459	2.984
664.8	0.08463	2.898
664.9	0.08462	2.813
665.0	0.08449	2.728
665.1	0.08449	2.681
665.2	0.08436	2.966
665.3	0.08374	2.914
665.4	0.08362	3.187
665.5	0.08377	3.127
665.6	0.08422	3.039
665.7	0.08419	2.954
665.8	0.08453	2.867
665.9	0.08421	2.783
666.0	0.08374	2.701
666.1	0.08307	2.619
666.2	0.08230	2.538
666.3	0.08127	2.870
666.4	0.08236	2.853
666.5	0.08218	2.768
666.6	0.08234	3.047
666.7	0.08236	2.962
666.8	0.08239	2.905
666.9	0.08222	2.806
667.0	0.08192	2.706
667.1	0.08152	2.607
667.2	0.08089	2.506
667.3	0.07789	3.344
667.4	0.07817	3.257
667.5	0.07837	3.170
667.6	0.07860	3.084
667.7	0.07879	2.997
667.8	0.07895	2.944
667.9	0.07890	2.859
668.0	0.07888	2.774
668.1	0.07865	2.690
668.2	0.07872	2.992
668.3	0.07903	2.905
668.4	0.07896	2.821
668.5	0.07873	2.737
668.6	0.07874	3.003
668.7	0.07861	2.918
668.8	0.07899	2.918
668.9	0.07888	2.833
669.0	0.07853	2.749
669.1	0.07811	2.705
669.2	0.07767	2.991
669.3	0.07765	2.906
669.4	0.07752	2.852
669.5	0.07734	2.768
669.6	0.07749	3.039
669.7	0.07768	2.953
669.8	0.07764	2.868
669.9	0.07741	2.810
670.0	0.07702	2.726
670.1	0.07654	2.644
670.2	0.07414	2.572
670.3	0.07335	2.503
670.4	0.07343	3.257
670.5	0.07362	3.171
670.6	0.07396	3.083
670.7	0.07402	2.998
670.8	0.07414	2.941
670.9	0.07409	2.856
671.0	0.07400	2.771
671.1	0.07379	2.687
671.2	0.07349	2.603
671.3	0.07402	2.939
671.4	0.07393	2.854
671.5	0.07375	2.812
671.6	0.07379	2.726
671.7	0.07369	3.016
671.8	0.07345	2.932
671.9	0.07232	3.247
672.0	0.07262	3.160
672.1	0.07276	3.074
672.2	0.07326	3.013
672.3	0.07330	2.928
672.4	0.07324	2.843
672.5	0.07306	2.758
672.6	0.07257	2.676
672.7	0.07213	2.991
672.8	0.07262	2.902
672.9	0.07229	2.860
673.0	0.07142	2.819
673.1	0.07113	2.735
673.2	0.07069	2.653
673.3	0.07012	2.571
673.4	0.06905	2.499
673.5	0.06919	3.163
673.6	0.06932	3.077
673.7	0.06938	2.992
673.8	0.06958	2.931
673.9	0.06953	2.846
674.0	0.06949	2.761
674.1	0.06928	2.677
674.2	0.06897	2.594
674.3	0.06860	2.511
674.4	0.06991	2.868
674.5	0.06964	2.784
674.6	0.06938	2.736
674.7	0.06911	3.017
674.8	0.06904	2.932
674.9	0.06816	2.882
675.0	0.06827	3.150
675.1	0.06848	3.063
675.2	0.06852	2.978
675.3	0.06841	2.917
675.4	0.06872	2.876
675.5	0.06860	2.791
675.6	0.06831	2.708
675.7	0.06801	2.666
675.8	0.06725	2.586
675.9	0.06673	2.911
676.0	0.06660	2.827
676.1	0.06659	2.896
676.2	0.06653	2.795
676.3	0.06630	2.695
676.4	0.06596	2.595
676.5	0.06560	2.495
676.6	0.06514	2.395
676.7	0.06430	2.295
676.8	0.06409	2.988
676.9	0.06408	2.903
677.0	0.06401	2.818
677.1	0.06438	2.730
677.2	0.06416	2.646
677.3	0.06387	2.563
677.4	0.06350	2.480
677.5	0.06519	2.822
677.6	0.06478	2.739
677.7	0.06437	2.657
677.8	0.06378	2.958
677.9	0.06372	2.873
678.0	0.06373	2.788
678.1	0.06360	3.075
678.2	0.06366	2.989
678.3	0.06365	2.945
678.4	0.06358	2.861
678.5	0.06341	2.776
678.6	0.06304	2.732
678.7	0.06263	2.649
678.8	0.06215	2.603
678.9	0.06244	2.909
679.0	0.06242	2.824
679.1	0.06224	2.740
679.2	0.06198	2.657
679.3	0.06187	2.792
679.4	0.06198	2.692
679.5	0.06165	2.592
679.6	0.06124	2.492
679.7	0.05938	3.122
679.8	0.05946	3.036
679.9	0.05948	2.951
680.0	0.05945	2.866
680.1	0.05948	3.112
680.2	0.05955	3.026
680.3	0.05964	2.940
680.4	0.05964	2.884
680.5	0.05962	2.799
680.6	0.05989	2.739
680.7	0.05950	3.095
680.8	0.05963	3.009
680.9	0.05997	2.921
681.0	0.05990	2.874
681.1	0.05978	2.790
681.2	0.05944	2.707
681.3	0.05936	2.992
681.4	0.05930	2.907
681.5	0.05852	2.858
681.6	0.05859	3.130
681.7	0.05873	3.069
681.8	0.05881	2.983
681.9	0.05904	2.896
682.0	0.05890	2.812
682.1	0.05873	2.728
682.2	0.05836	2.645
682.3	0.05818	2.888
682.4	0.05799	2.788
682.5	0.05675	2.688
682.6	0.05647	2.588
682.7	0.05602	2.488
682.8	0.05566	3.034
682.9	0.05580	2.948
683.0	0.05587	3.216
683.1	0.05600	3.130
683.2	0.05618	3.043
683.3	0.05620	2.958
683.4	0.05616	2.873
683.5	0.05607	2.788
683.6	0.05593	2.704
683.7	0.05609	3.137
683.8	0.05641	3.049
683.9	0.05648	2.963
684.0	0.05639	2.878
684.1	0.05623	2.794
684.2	0.05598	2.711
684.3	0.05532	2.631
684.4	0.05521	2.934
684.5	0.05522	2.849
684.6	0.05507	2.765
684.7	0.05509	3.031
684.8	0.05511	2.991
684.9	0.05508	2.947
685.0	0.05503	2.863
685.1	0.05487	2.817
685.2	0.05496	2.731
685.3	0.05469	2.648
685.4	0.05421	2.884
685.5	0.05427	2.784
685.6	0.05405	2.684
685.7	0.05369	2.585
685.8	0.05339	2.484
685.9	0.05300	2.384
686.0	0.05238	2.284
686.1	0.05182	3.143
686.2	0.05219	3.055
686.3	0.05230	3.010
686.4	0.05240	2.924
686.5	0.05236	2.839
686.6	0.05226	2.754
686.7	0.05255	3.105
686.8	0.05256	3.049
686.9	0.05309	2.959
687.0	0.05304	2.874
687.1	0.05292	2.790
687.2	0.05256	2.707
687.3	0.05222	2.625
687.4	0.05191	2.896
687.5	0.05235	2.919
687.6	0.05227	2.834
687.7	0.05204	2.751
687.8	0.05180	3.042
687.9	0.05182	2.957
688.0	0.05174	2.872
688.1	0.05163	2.821
688.2	0.05130	2.739
688.3	0.05097	2.656
688.4	0.05111	2.958
688.5	0.05127	2.871
688.6	0.05120	2.781
688.7	0.05099	2.680
688.8	0.05041	2.581
688.9	0.04999	2.481
689.0	0.04883	2.942
689.1	0.04871	2.858
689.2	0.04862	2.774
689.3	0.04850	3.026
689.4	0.04851	2.940
689.5	0.04848	2.855
689.6	0.04840	2.771
689.7	0.04823	2.687
689.8	0.04948	3.012
689.9	0.04948	2.952
690.0	0.04942	2.868
690.1	0.04926	2.784
690.2	0.04907	2.700
690.3	0.04890	3.067
690.4	0.04899	2.981
690.5	0.04917	2.929
690.6	0.04906	2.845
690.7	0.04894	2.761
690.8	0.04837	3.046
690.9	0.04837	2.989
691.0	0.04829	2.905
691.1	0.04747	3.181
691.2	0.04772	3.118
691.3	0.04785	3.031
691.4	0.04788	2.991
691.5	0.04799	2.947
691.6	0.04784	2.863
691.7	0.04763	2.777
691.8	0.04744	2.677
691.9	0.04694	2.577
692.0	0.04551	3.339
692.1	0.04567	3.252
692.2	0.04580	3.166
692.3	0.04588	3.079
692.4	0.04598	2.993
692.5	0.04597	2.908
692.6	0.04612	2.821
692.7	0.04602	2.737
692.8	0.04591	2.653
692.9	0.04598	3.005
693.0	0.04587	2.921
693.1	0.04562	2.876
693.2	0.04564	3.160
693.3	0.04574	3.074
693.4	0.04575	3.019
693.5	0.04600	2.931
693.6	0.04590	2.847
693.7	0.04566	2.764
693.8	0.04549	2.681
693.9	0.04510	2.599
694.0	0.04484	2.874
694.1	0.04464	2.816
694.2	0.04440	3.184
694.3	0.04469	3.096
694.4	0.04479	3.009
694.5	0.04481	2.924
694.6	0.04471	2.875
694.7	0.04463	2.791
694.8	0.04439	2.708
694.9	0.04412	2.625
695.0	0.04238	2.573
695.1	0.04250	3.289
695.2	0.04262	3.202
695.3	0.04284	3.114
695.4	0.04289	3.028
695.5	0.04310	2.983
695.6	0.04309	2.898
695.7	0.04311	2.812
695.8	0.04298	2.728
695.9	0.04284	2.644
696.0	0.04282	2.967
696.1	0.04288	2.881
696.2	0.04297	3.155
696.3	0.04314	3.069
696.4	0.04317	2.983
696.5	0.04315	2.925
696.6	0.04303	2.841
696.7	0.04290	2.757
696.8	0.04262	2.674
696.9	0.04231	2.592
697.0	0.04190	2.511
697.1	0.04234	2.860
697.2	0.04222	2.814
697.3	0.04209	2.730
697.4	0.04224	3.044
697.5	0.04226	2.958
697.6	0.04219	2.873
697.7	0.04205	2.790
697.8	0.04183	2.706
697.9	0.04073	2.769
698.0	0.04067	2.670
698.1	0.04046	2.570
698.2	0.04022	2.469
698.3	0.04005	3.133
698.4	0.04018	3.046
698.5	0.04022	2.996
698.6	0.04028	2.910
698.7	0.04024	2.825
698.8	0.04019	2.741
698.9	0.04006	2.657
699.0	0.03987	2.573
699.1	0.04053	2.875
699.2	0.04036	2.791
699.3	0.04033	3.085
699.4	0.04056	2.997
699.5	0.04054	2.912
699.6	0.04049	2.873
699.7	0.04032	2.789
699.8	0.04011	2.706
699.9	0.03957	3.043
