1.0	3973.39383	1.104
1.1	3668.69061	1.019
1.2	3364.00238	0.934
1.3	3059.32862	0.850
1.4	2754.66883	0.765
1.5	2450.02253	0.681
1.6	2145.38925	0.596
1.7	1840.76854	0.511
1.8	1536.15997	0.427
1.9	1231.56311	0.342
2.0	926.97757	0.257
2.1	745.78277	0.829
2.2	722.61667	1.406
2.3	698.13836	1.358
2.4	692.40075	1.924
2.5	679.85289	1.889
2.6	658.45312	1.830
2.7	627.64793	1.570
2.8	617.27972	1.544
2.9	598.24416	1.496
3.0	574.36653	1.436
3.1	542.73329	1.206
3.2	516.74397	1.149
3.3	497.84731	1.107
3.4	441.76006	0.859
3.5	433.30164	2.410
3.6	424.51069	2.361
3.7	416.17585	2.314
3.8	409.46706	2.163
3.9	400.91293	2.118
4.0	397.75525	2.101
4.1	390.50056	1.954
4.2	422.71819	1.880
4.3	412.71797	1.721
4.4	400.17453	1.669
4.5	388.14653	1.510
4.6	373.54168	1.454
4.7	362.83674	1.412
4.8	341.86307	1.235
4.9	329.15609	1.189
5.0	314.41266	1.136
5.1	285.22249	0.951
5.2	275.04233	0.917
5.3	265.01022	2.359
5.4	261.71884	2.330
5.5	257.48412	2.292
5.6	254.94937	2.199
5.7	249.67731	2.153
5.8	243.39485	2.031
5.9	239.76507	1.934
6.0	233.39642	1.818
6.1	227.25545	1.770
6.2	222.30293	1.669
6.3	213.61334	1.545
6.4	203.14963	1.412
6.5	196.38465	1.365
6.6	187.73703	1.253
6.7	177.14813	1.133
6.8	169.01432	1.081
6.9	157.38188	0.963
7.0	148.26648	2.561
7.1	152.19855	2.459
7.2	149.88584	2.422
7.3	148.00357	2.309
7.4	145.44258	2.228
7.5	142.18312	2.099
7.6	140.14535	1.990
7.7	137.16475	1.910
7.8	133.84104	1.826
7.9	129.29122	1.692
8.0	125.92899	1.613
8.1	121.31202	1.520
8.2	116.31645	1.425
8.3	111.21603	1.300
8.4	105.73956	1.207
8.5	100.66053	1.121
8.6	94.78922	1.029
8.7	88.94650	0.941
8.8	84.86082	2.512
8.9	83.77686	2.456
9.0	82.77237	2.380
9.1	81.51845	2.276
9.2	80.12544	2.169
9.3	78.71115	2.087
9.4	77.13663	1.980
9.5	75.40625	1.894
9.6	72.98082	1.771
9.7	71.44351	1.674
9.8	68.85351	1.575
9.9	66.52367	1.484
10.0	64.03029	1.393
10.1	67.94776	1.269
10.2	65.26119	1.200
10.3	61.01952	1.088
10.4	57.13335	0.987
10.5	54.33580	2.434
10.6	53.54874	2.323
10.7	52.73615	2.229
10.8	52.09349	2.231
10.9	51.11598	2.175
11.0	50.24783	2.109
11.1	49.24221	2.039
11.2	48.12384	1.952
11.3	47.03127	1.855
11.4	45.79567	1.755
11.5	44.33914	1.649
11.6	42.90691	1.547
11.7	41.29276	1.454
11.8	39.61099	1.362
11.9	37.69496	1.253
12.0	35.69233	1.157
12.1	33.58699	1.060
12.2	31.24487	0.951
12.3	29.52190	2.295
12.4	29.22832	2.339
12.5	28.79862	2.263
12.6	28.31024	2.201
12.7	27.79729	2.137
12.8	27.30232	2.068
12.9	26.71836	2.008
13.0	26.10592	1.925
13.1	25.67827	1.828
13.2	25.01060	1.730
13.3	24.21655	1.627
13.4	23.39247	1.532
13.5	22.48330	1.427
13.6	21.50226	1.329
13.7	20.46542	1.230
13.8	19.35811	1.130
13.9	18.12659	1.027
14.0	16.81663	0.925
14.1	15.46321	0.828
14.2	14.78758	2.466
14.3	14.58870	2.347
14.4	14.35354	2.229
14.5	14.18868	2.203
14.6	13.92683	2.106
14.7	13.65440	2.004
14.8	13.34115	1.904
14.9	13.00550	1.807
15.0	12.64438	1.705
15.1	12.24134	1.604
15.2	11.81759	1.507
15.3	11.34888	1.405
15.4	10.83091	1.303
15.5	10.30614	1.207
15.6	9.72460	1.105
15.7	9.31456	2.301
15.8	9.17078	2.202
15.9	9.00618	2.102
16.0	8.84533	2.001
16.1	8.64702	1.902
16.2	8.42911	1.801
16.3	8.19006	1.701
16.4	7.93493	1.603
16.5	7.65420	1.503
16.6	7.35197	1.402
16.7	7.02374	1.302
16.8	6.67486	1.204
16.9	6.42374	1.583
17.0	6.19263	1.483
17.1	5.94069	1.383
17.2	5.66694	1.282
17.3	5.37992	1.183
17.4	5.06241	1.082
17.5	4.80747	2.535
17.6	4.75177	2.463
17.7	4.69183	2.367
17.8	4.62009	2.249
17.9	4.55639	2.242
18.0	4.48289	2.187
18.1	4.40276	2.122
18.2	4.31829	2.059
18.3	4.22785	1.959
18.4	4.12740	1.859
18.5	4.01879	1.760
18.6	3.89970	1.659
18.7	3.77049	1.559
18.8	3.63111	1.459
18.9	3.47987	1.360
19.0	3.32462	1.260
19.1	3.14719	1.159
19.2	2.95991	1.059
19.3	2.75993	0.960
19.4	2.64160	2.435
19.5	2.60714	2.365
19.6	2.57015	2.295
19.7	2.52996	2.228
19.8	2.48704	2.162
19.9	2.44164	2.097
20.0	2.42771	2.024
20.1	2.37512	1.938
20.2	2.31776	1.837
20.3	2.25493	1.737
20.4	2.18659	1.637
20.5	2.11253	1.537
20.6	2.03224	1.438
20.7	1.94527	1.337
20.8	1.85187	1.237
20.9	1.75143	1.137
21.0	1.64321	1.037
21.1	1.52770	0.937
21.2	1.41213	2.474
21.3	1.39460	2.403
21.4	1.37471	2.289
21.5	1.35495	2.264
21.6	1.33303	2.196
21.7	1.30953	2.115
21.8	1.28367	2.015
21.9	1.25536	1.915
22.0	1.22475	1.815
22.1	1.19074	1.715
22.2	1.15383	1.615
22.3	1.11364	1.515
22.4	1.07014	1.415
22.5	1.02348	1.315
22.6	0.97297	1.216
22.7	0.91859	1.115
22.8	0.86048	1.015
22.9	0.79824	0.915
23.0	0.76105	2.248
23.1	0.76113	2.386
23.2	0.75058	2.317
23.3	0.73916	2.249
23.4	0.72699	2.183
23.5	0.71386	2.093
23.6	0.69943	1.993
23.7	0.68354	1.893
23.8	0.66616	1.793
23.9	0.64722	1.693
24.0	0.62661	1.593
24.1	0.60423	1.493
24.2	0.58008	1.393
24.3	0.55408	1.293
24.4	0.52601	1.193
24.5	0.49581	1.093
24.6	0.46356	0.994
24.7	0.43340	2.465
24.8	0.42792	2.374
24.9	0.42120	2.243
25.0	0.41606	2.267
25.1	0.40934	2.200
25.2	0.40218	2.134
25.3	0.39458	2.070
25.4	0.38640	1.971
25.5	0.37740	1.871
25.6	0.36757	1.772
25.7	0.35684	1.671
25.8	0.34521	1.572
25.9	0.33259	1.472
26.0	0.31893	1.371
26.1	0.30424	1.271
26.2	0.28842	1.171
26.3	0.27140	1.071
26.4	0.25321	0.971
26.5	0.23904	2.418
26.6	0.23888	5.841
26.7	0.25846	5.741
26.8	0.26131	5.641
26.9	0.26410	5.541
27.0	0.26313	5.441
27.1	0.26575	5.341
27.2	0.26832	5.241
27.3	0.27075	5.141
27.4	0.27315	5.041
27.5	0.27548	4.941
27.6	0.27773	4.841
27.7	0.27985	4.741
27.8	0.28183	4.641
27.9	0.28374	4.541
28.0	0.28591	4.441
28.1	0.28754	4.341
28.2	0.28905	4.241
28.3	0.29040	4.141
28.4	0.29159	4.041
28.5	0.29253	3.941
28.6	0.29335	3.841
28.7	0.29396	3.741
28.8	0.29481	3.641
28.9	0.29498	3.541
29.0	0.29377	3.441
29.1	0.29347	3.341
29.2	0.29056	3.241
29.3	0.28983	3.141
29.4	0.28873	3.703
29.5	0.28919	3.603
29.6	0.28926	3.503
29.7	0.29200	2.945
29.8	0.28872	2.817
29.9	0.28796	3.204
30.0	0.55219	2.601
30.1	0.54632	2.500
30.2	0.53928	2.383
30.3	0.52789	2.251
30.4	0.52359	2.306
30.5	0.51495	2.206
30.6	0.51076	2.106
30.7	0.50058	2.006
30.8	0.48997	1.906
30.9	0.47707	1.806
31.0	0.46366	1.706
31.1	0.44912	1.606
31.2	0.43333	1.506
31.3	0.41561	1.406
31.4	0.39578	1.306
31.5	0.37601	1.206
31.6	0.35481	1.106
31.7	0.33723	2.524
31.8	0.33270	2.402
31.9	0.32826	2.286
32.0	0.32618	2.371
32.1	0.32155	2.302
32.2	0.31663	2.234
32.3	0.31130	2.168
32.4	0.30592	2.084
32.5	0.29961	1.984
32.6	0.29274	1.884
32.7	0.28530	1.784
32.8	0.27709	1.684
32.9	0.26776	1.584
33.0	0.25819	1.484
33.1	0.24781	1.384
33.2	0.23636	1.284
33.3	0.22384	1.184
33.4	0.21083	1.084
33.5	0.19954	2.533
33.6	0.19724	2.461
33.7	0.19484	2.389
33.8	0.19214	2.320
33.9	0.18932	2.251
34.0	0.18613	2.185
34.1	0.18281	2.120
34.2	0.17930	2.057
34.3	0.17562	1.995
34.4	0.17173	1.935
34.5	0.16747	1.823
34.6	0.16278	1.709
34.7	0.15739	1.595
34.8	0.15140	1.480
34.9	0.14474	1.366
35.0	0.13734	1.250
35.1	0.12892	1.129
35.2	0.11998	1.013
35.3	0.11388	1.831
35.4	0.11077	2.426
35.5	0.11034	2.351
35.6	0.10888	2.281
35.7	0.10879	2.145
35.8	0.10684	2.076
35.9	0.10539	1.976
36.0	0.10296	1.862
36.1	0.09969	1.740
36.2	0.09657	1.626
36.3	0.09369	7.020
36.4	0.10074	6.620
36.5	0.09717	6.717
36.6	0.09677	6.748
36.7	0.10359	6.325
36.8	0.10445	6.254
36.9	0.10658	6.139
37.0	0.10193	6.382
37.1	0.10325	6.290
37.2	0.11074	5.847
37.3	0.11206	5.755
37.4	0.10753	6.020
37.5	0.11441	5.760
37.6	0.11127	5.793
37.7	0.11105	5.724
37.8	0.11237	5.633
37.9	0.10918	5.731
38.0	0.11488	5.454
38.1	0.11174	5.549
38.2	0.11295	5.459
38.3	0.11411	5.370
38.4	0.12453	4.986
38.5	0.11643	5.200
38.6	0.11720	5.133
38.7	0.12512	4.770
38.8	0.12933	4.598
38.9	0.12218	4.988
39.0	0.12327	4.902
39.1	0.13201	4.336
39.2	0.12172	4.523
39.3	0.12646	4.645
39.4	0.12671	4.284
39.5	0.13455	3.958
39.6	0.13381	3.879
39.7	0.12962	5.390
39.8	0.13461	3.710
39.9	0.13665	5.248
40.0	0.32756	1.597
40.1	0.31608	1.497
40.2	0.30309	1.397
40.3	0.29646	1.968
40.4	0.28841	1.848
40.5	0.28006	1.732
40.6	0.27728	3.516
40.7	0.27812	3.432
40.8	0.28215	3.177
40.9	0.27885	3.246
41.0	0.27852	3.166
41.1	0.27877	3.085
41.2	0.27131	3.191
41.3	0.27116	3.110
41.4	0.27322	2.927
41.5	0.27137	2.805
41.6	0.26513	2.645
41.7	0.26358	2.537
41.8	0.26100	2.423
41.9	0.26069	2.337
42.0	0.25900	2.231
42.1	0.25479	2.118
42.2	0.25011	2.658
42.3	0.24844	2.586
42.4	0.24653	2.514
42.5	0.24346	2.446
42.6	0.24233	2.335
42.7	0.23951	2.269
42.8	0.23626	2.204
42.9	0.23235	2.142
43.0	0.22857	2.081
43.1	0.22355	2.024
43.2	0.21904	1.967
43.3	0.21458	1.911
43.4	0.20987	1.857
43.5	0.20401	1.807
43.6	0.19587	1.678
43.7	0.18962	1.567
43.8	0.18283	1.459
43.9	0.18261	2.780
44.0	0.18111	2.666
44.1	0.17960	2.560
44.2	0.17764	2.444
44.3	0.17514	2.325
44.4	0.17703	2.520
44.5	0.17487	2.431
44.6	0.17288	2.331
44.7	0.17043	2.231
44.8	0.16728	2.131
44.9	0.16336	2.031
45.0	0.16866	11.719
45.1	0.16437	11.651
45.2	0.17636	11.525
45.3	0.18023	11.428
45.4	0.18433	11.331
45.5	0.18989	11.232
45.6	0.19424	11.135
45.7	0.19845	11.039
45.8	0.20350	10.937
45.9	0.20797	10.840
46.0	0.21241	10.744
46.1	0.21695	10.647
46.2	0.23279	10.552
46.3	0.23777	10.454
46.4	0.24226	10.359
46.5	0.24741	10.261
46.6	0.25217	10.165
46.7	0.24600	10.074
46.8	0.25085	9.978
46.9	0.25608	9.881
47.0	0.27372	9.778
47.1	0.27925	9.681
47.2	0.28340	9.680
47.3	0.28904	9.583
47.4	0.30515	11.086
47.5	0.31535	11.078
47.6	0.32083	10.926
47.7	0.31765	10.409
47.8	0.31388	10.393
47.9	0.32015	10.300
48.0	0.32663	10.208
48.1	0.33355	10.114
48.2	0.34058	10.020
48.3	0.38733	10.412
48.4	0.38811	10.036
48.5	0.35988	9.747
48.6	0.36800	9.651
48.7	0.37531	9.558
48.8	0.38245	9.467
48.9	0.39008	9.374
49.0	0.39722	9.284
49.1	0.41537	9.467
49.2	0.42424	9.373
49.3	0.37841	7.841
49.4	0.38506	7.747
49.5	0.39184	7.654
49.6	0.39566	7.560
49.7	0.40204	7.468
49.8	0.40918	7.373
49.9	0.41599	7.279
50.0	5.87700	2.973
50.1	5.66203	3.428
50.2	5.61755	3.388
50.3	5.62254	3.308
50.4	5.58292	3.284
50.5	5.58113	3.205
50.6	5.44648	3.200
50.7	5.48962	3.115
50.8	5.31111	3.121
50.9	5.30088	3.042
51.0	5.31072	2.959
51.1	5.26126	2.886
51.2	5.29250	3.772
51.3	5.32189	3.684
51.4	5.25660	3.622
51.5	5.27668	3.537
51.6	5.29259	3.453
51.7	5.38035	3.198
51.8	5.38452	3.112
51.9	5.19840	2.870
52.0	5.32743	2.839
52.1	5.20569	2.678
52.2	5.06479	2.514
52.3	5.00387	2.399
52.4	5.14788	2.381
52.5	5.07631	2.266
52.6	5.11352	2.708
52.7	5.02585	2.567
52.8	4.97005	2.452
52.9	4.91125	2.337
53.0	4.84277	2.621
53.1	4.76220	2.693
53.2	4.77927	2.044
53.3	4.58219	2.472
53.4	4.53331	2.360
53.5	4.47162	2.247
53.6	4.43719	2.223
53.7	4.37110	2.122
53.8	4.29498	2.022
53.9	4.20298	1.922
54.0	4.11757	1.822
54.1	4.06734	3.409
54.2	4.04547	3.367
54.3	4.09682	3.223
54.4	4.07586	3.191
54.5	3.98650	3.185
54.6	3.90842	3.007
54.7	3.89385	2.908
54.8	3.87849	2.808
54.9	3.87401	2.577
55.0	3.81380	2.448
55.1	3.78223	2.508
55.2	3.82212	2.400
55.3	3.77656	2.301
55.4	3.72236	2.201
55.5	3.66959	2.101
55.6	3.60526	2.000
55.7	3.53313	1.900
55.8	3.45236	1.801
55.9	3.35920	1.700
56.0	3.26390	1.601
56.1	3.22479	3.536
56.2	3.21053	3.477
56.3	3.21675	3.389
56.4	3.22094	3.303
56.5	3.22420	3.218
56.6	3.22080	3.134
56.7	3.19593	2.680
56.8	3.17605	2.578
56.9	3.15275	2.479
57.0	3.12347	2.380
57.1	3.10648	2.965
57.2	3.04698	2.178
57.3	2.99687	2.954
57.4	2.97062	2.853
57.5	2.99572	2.777
57.6	2.97406	2.661
57.7	2.94803	2.546
57.8	2.91282	2.427
57.9	2.87350	2.310
58.0	2.82160	2.190
58.1	2.75509	2.063
58.2	2.69298	1.948
58.3	2.62136	1.829
58.4	2.58599	2.345
58.5	2.55195	2.277
58.6	2.49512	2.218
58.7	2.47291	2.148
58.8	2.42809	2.086
58.9	2.38191	1.989
59.0	2.33343	1.967
59.1	2.28305	1.910
59.2	2.29512	2.877
59.3	2.28276	2.762
59.4	2.25685	2.636
59.5	2.26797	2.556
59.6	2.22741	2.423
59.7	2.21529	2.326
59.8	2.18216	2.210
59.9	2.14380	2.095
60.0	2.08270	1.964
60.1	2.04898	1.865
60.2	2.04722	2.419
60.3	2.01913	2.302
60.4	1.98436	2.184
60.5	1.95482	2.075
60.6	1.91484	1.961
60.7	1.87044	1.849
60.8	1.82009	1.737
60.9	1.76216	1.623
61.0	1.72717	3.230
61.1	1.72632	3.130
61.2	1.68391	3.030
61.3	1.68169	2.930
61.4	1.62319	2.830
61.5	1.61171	2.731
61.6	1.68634	2.630
61.7	1.53570	3.097
61.8	1.57981	2.762
61.9	1.56283	2.637
62.0	1.54996	2.523
62.1	1.52335	2.393
62.2	1.50555	2.283
62.3	1.52473	2.413
62.4	1.50505	2.313
62.5	1.48138	2.213
62.6	1.45784	2.113
62.7	1.42860	2.013
62.8	1.40035	1.913
62.9	1.38225	1.634
63.0	1.35626	3.008
63.1	1.36252	3.090
63.2	1.35918	3.008
63.3	1.35598	2.928
63.4	1.35056	2.848
63.5	1.34289	2.769
63.6	1.33396	2.692
63.7	1.32355	2.615
63.8	1.31333	2.503
63.9	1.29923	2.389
64.0	1.27761	2.268
64.1	1.26215	2.163
64.2	1.23882	2.049
64.3	1.21143	1.933
64.4	1.17829	1.814
64.5	1.14385	1.699
64.6	1.10464	1.584
64.7	1.06200	1.469
64.8	1.01310	1.353
64.9	0.98381	2.182
65.0	0.96445	2.065
65.1	0.95038	3.103
65.2	0.94447	2.675
65.3	0.93558	2.557
65.4	0.91938	2.803
65.5	0.91314	2.704
65.6	0.89320	2.604
65.7	0.91059	2.569
65.8	0.90340	2.469
65.9	0.91605	5.998
66.0	0.92922	5.907
66.1	0.95915	5.823
66.2	0.96945	5.732
66.3	0.98169	5.641
66.4	0.99510	5.550
66.5	1.00325	5.459
66.6	1.01695	5.369
66.7	1.04031	5.281
66.8	1.05245	5.192
66.9	1.06165	5.101
67.0	1.07377	5.012
67.1	1.08888	4.923
67.2	1.03488	4.879
67.3	1.06180	4.835
67.4	1.06896	4.747
67.5	1.08057	4.657
67.6	1.10486	4.548
67.7	1.11359	4.461
67.8	1.12581	4.371
67.9	1.13617	4.306
68.0	1.14519	4.240
68.1	1.15329	4.154
68.2	1.16155	4.090
68.3	1.16877	4.002
68.4	1.16633	3.948
68.5	1.17219	3.864
68.6	1.17768	3.782
68.7	1.17951	3.729
68.8	1.18883	3.911
68.9	1.19219	3.831
69.0	1.20131	3.748
69.1	1.20140	3.672
69.2	1.20708	3.591
69.3	1.20651	3.516
69.4	1.18876	3.176
69.5	1.18702	3.100
69.6	1.20905	3.286
69.7	1.20347	3.069
69.8	1.19732	2.946
69.9	1.18955	2.826
70.0	1.60475	2.275
70.1	1.57913	2.159
70.2	1.54228	2.035
70.3	1.50563	1.917
70.4	1.47046	2.049
70.5	1.45510	2.790
70.6	1.44556	2.676
70.7	1.43207	2.558
70.8	1.41593	2.441
70.9	1.42907	2.377
71.0	1.40935	2.262
71.1	1.38564	2.146
71.2	1.35832	2.030
71.3	1.32687	1.914
71.4	1.31093	1.825
71.5	1.28670	2.103
71.6	1.27036	2.880
71.7	1.26123	2.759
71.8	1.25149	2.642
71.9	1.23925	2.525
72.0	1.22482	2.826
72.1	1.21723	2.309
72.2	1.19735	2.192
72.3	1.18343	2.682
72.4	1.17406	2.566
72.5	1.16080	2.449
72.6	1.14630	2.334
72.7	1.12973	2.220
72.8	1.10949	2.104
72.9	1.09436	2.003
73.0	1.07667	4.487
73.1	1.09476	4.403
73.2	1.11476	4.323
73.3	1.11864	4.230
73.4	1.13277	4.118
73.5	1.16426	4.055
73.6	1.17363	3.968
73.7	1.18145	3.876
73.8	1.16439	3.763
73.9	1.17639	3.686
74.0	1.19203	3.663
74.1	1.17908	3.571
74.2	1.18187	3.485
74.3	1.20114	3.406
74.4	1.20375	3.320
74.5	1.20510	3.237
74.6	1.18943	3.393
74.7	1.20158	3.309
74.8	1.20445	3.228
74.9	1.20544	3.149
75.0	1.16457	3.253
75.1	1.16364	3.175
75.2	1.17199	3.090
75.3	1.16290	3.018
75.4	1.16626	2.937
75.5	1.15813	2.865
75.6	1.15568	2.788
75.7	1.14917	2.716
75.8	1.13318	2.650
75.9	1.13246	2.573
76.0	1.12128	2.505
76.1	1.10855	2.438
76.2	1.09808	2.370
76.3	1.09398	3.583
76.4	1.09671	3.499
76.5	1.10012	3.416
76.6	1.10399	3.332
76.7	1.11862	3.227
76.8	1.08992	3.404
76.9	1.09179	3.300
77.0	1.08957	3.217
77.1	1.08996	3.114
77.2	1.08893	3.035
77.3	1.08679	2.956
77.4	1.05092	2.650
77.5	1.03267	2.511
77.6	1.02681	2.411
77.7	1.01499	2.424
77.8	1.02860	2.248
77.9	1.01152	2.133
78.0	1.00259	2.621
78.1	0.99410	2.507
78.2	0.98342	2.394
78.3	0.97276	2.284
78.4	0.97117	2.316
78.5	0.95725	2.216
78.6	0.94411	2.116
78.7	0.92772	2.016
78.8	0.92269	3.311
78.9	0.91962	3.211
79.0	0.91759	3.111
79.1	0.91678	3.011
79.2	0.88346	2.911
79.3	0.89043	3.208
79.4	0.85008	3.330
79.5	0.84975	3.248
79.6	0.84818	3.170
79.7	0.84836	3.073
79.8	0.84645	2.973
79.9	0.85120	2.594
80.0	0.84413	2.494
80.1	0.83526	2.394
80.2	0.82567	2.295
80.3	0.81461	2.195
80.4	0.80142	2.094
80.5	0.78673	1.994
80.6	0.77054	1.894
80.7	0.75305	1.795
80.8	0.73863	3.317
80.9	0.72563	3.146
81.0	0.72465	3.033
81.1	0.72354	3.481
81.2	0.72436	3.395
81.3	0.75447	3.172
81.4	0.75438	3.087
81.5	0.75359	3.002
81.6	0.75164	2.920
81.7	0.74906	2.838
81.8	0.74245	2.695
81.9	0.73991	2.589
82.0	0.73295	2.475
82.1	0.72468	2.358
82.2	0.71451	2.240
82.3	0.70552	2.152
82.4	0.69262	2.067
82.5	0.67780	1.947
82.6	0.66160	1.833
82.7	0.64351	1.720
82.8	0.62271	1.607
82.9	0.60067	1.495
83.0	0.59194	2.691
83.1	0.58770	2.618
83.2	0.58002	2.548
83.3	0.57365	2.478
83.4	0.57585	2.340
83.5	0.57025	2.267
83.6	0.56428	3.049
83.7	0.56317	2.967
83.8	0.56980	2.990
83.9	0.55995	3.097
84.0	0.55942	3.017
84.1	0.54642	2.810
84.2	0.54301	2.694
84.3	0.53756	2.572
84.4	0.53751	2.481
84.5	0.53035	2.360
84.6	0.51915	2.229
84.7	0.50393	2.087
84.8	0.50441	2.713
84.9	0.50106	2.629
85.0	0.49621	2.513
85.1	0.48853	2.388
85.2	0.48235	2.277
85.3	0.46814	2.500
85.4	0.46180	2.032
85.5	0.45412	3.234
85.6	0.45848	6.087
85.7	0.47625	6.006
85.8	0.48176	5.914
85.9	0.48431	5.808
86.0	0.49918	5.748
86.1	0.50875	5.675
86.2	0.51456	5.583
86.3	0.52026	5.492
86.4	0.52555	5.427
86.5	0.52120	5.277
86.6	0.53512	5.273
86.7	0.53898	5.183
86.8	0.54620	5.092
86.9	0.55091	5.002
87.0	0.55609	4.913
87.1	0.56210	5.607
87.2	0.57913	5.468
87.3	0.58891	5.986
87.4	0.60875	5.624
87.5	0.61742	5.535
87.6	0.62569	5.440
87.7	0.63454	5.269
87.8	0.64197	5.158
87.9	0.65039	5.066
88.0	0.64965	4.825
88.1	0.65743	4.732
88.2	0.66358	4.638
88.3	0.66732	4.485
88.4	0.66267	4.322
88.5	0.65771	4.176
88.6	0.66298	4.086
88.7	0.66655	3.996
88.8	0.67072	3.902
88.9	0.67429	3.784
89.0	0.67961	4.849
89.1	0.68173	3.560
89.2	0.68492	3.963
89.3	0.69054	4.732
89.4	0.71001	4.503
89.5	0.70401	4.532
89.6	0.71128	4.432
89.7	0.71864	4.332
89.8	0.73723	4.164
89.9	0.74404	4.080
90.0	0.75056	4.034
90.1	1.16561	2.424
90.2	1.15098	2.309
90.3	1.13367	2.195
90.4	1.11378	2.080
90.5	1.09217	1.969
90.6	1.06599	1.855
90.7	1.03680	2.370
90.8	1.02343	2.302
90.9	1.00974	2.235
91.0	0.99662	3.032
91.1	0.99794	2.582
91.2	0.98858	2.832
91.3	0.98972	2.732
91.4	0.96317	3.124
91.5	0.93599	2.101
91.6	0.91415	3.094
91.7	0.90971	2.994
91.8	0.90672	2.894
91.9	0.91355	2.635
92.0	0.90236	2.694
92.1	0.89442	2.594
92.2	0.88202	2.521
92.3	0.87227	2.407
92.4	0.86348	2.299
92.5	0.86650	2.395
92.6	0.85816	2.289
92.7	0.84871	2.241
92.8	0.83295	2.141
92.9	0.81837	2.041
93.0	0.80196	1.941
93.1	0.78458	3.338
93.2	0.76446	2.954
93.3	0.75930	2.832
93.4	0.75225	2.710
93.5	0.73754	2.565
93.6	0.73158	2.458
93.7	0.72018	2.334
93.8	0.70870	2.222
93.9	0.72457	2.290
94.0	0.71507	2.189
94.1	0.70970	2.128
94.2	0.69293	2.003
94.3	0.67450	1.879
94.4	0.65460	1.760
94.5	0.67585	2.274
94.6	0.63813	2.071
94.7	0.62299	1.950
94.8	0.61052	1.858
94.9	0.61051	3.105
95.0	0.62043	1.774
95.1	0.61112	2.906
95.2	0.61021	2.805
95.3	0.60586	2.705
95.4	0.60294	2.606
95.5	0.58224	3.168
95.6	0.57747	3.068
95.7	0.58130	2.968
95.8	0.57964	2.868
95.9	0.56979	2.768
96.0	0.56678	2.668
96.1	0.56059	2.568
96.2	0.55799	2.298
96.3	0.55023	2.197
96.4	0.54020	2.097
96.5	0.53148	1.997
96.6	0.52316	2.503
96.7	0.51681	2.387
96.8	0.50966	2.273
96.9	0.50253	2.164
97.0	0.49308	2.050
97.1	0.48189	1.934
97.2	0.48305	2.553
97.3	0.47813	2.483
97.4	0.47520	2.592
97.5	0.47019	2.492
97.6	0.46848	2.392
97.7	0.48089	2.576
97.8	0.47560	2.476
97.9	0.46705	2.376
98.0	0.46201	2.276
98.1	0.45597	2.175
98.2	0.44914	2.076
98.3	0.43801	1.976
98.4	0.42938	1.876
98.5	0.41938	1.776
98.6	0.41541	4.611
98.7	0.41988	4.514
98.8	0.42452	4.419
98.9	0.42777	4.318
99.0	0.43146	4.225
99.1	0.43580	4.135
99.2	0.43961	4.041
99.3	0.44294	3.947
99.4	0.44643	3.856
99.5	0.44944	3.765
99.6	0.45144	3.670
99.7	0.45425	3.581
99.8	0.45629	3.491
99.9	0.45488	3.322
100.0	0.45806	3.227
100.1	0.45815	3.113
100.2	0.45766	3.000
100.3	0.45656	2.888
100.4	0.45464	2.774
100.5	0.45502	3.406
100.6	0.45605	3.323
100.7	0.45672	3.240
100.8	0.45680	3.159
100.9	0.44557	2.669
101.0	0.44497	2.965
101.1	0.44385	2.866
101.2	0.44245	2.766
101.3	0.43359	2.532
101.4	0.43310	3.104
101.5	0.43257	3.029
101.6	0.43170	2.954
101.7	0.43269	2.977
101.8	0.43154	2.903
101.9	0.43004	2.829
102.0	0.42446	2.704
102.1	0.42181	2.634
102.2	0.41874	2.565
102.3	0.41517	2.497
102.4	0.41055	3.553
102.5	0.40921	3.452
102.6	0.42777	3.496
102.7	0.41155	3.253
102.8	0.41265	3.745
102.9	0.41274	3.715
103.0	0.42015	2.707
103.1	0.41872	3.515
103.2	0.41987	3.415
103.3	0.41767	3.315
103.4	0.41714	3.215
103.5	0.41709	3.115
103.6	0.40912	3.015
103.7	0.40812	2.915
103.8	0.39612	2.815
103.9	0.39449	3.268
104.0	0.39414	3.188
104.1	0.37958	3.227
104.2	0.37866	3.147
104.3	0.37857	3.067
104.4	0.38376	2.896
104.5	0.38249	2.819
104.6	0.38036	2.743
104.7	0.37792	2.668
104.8	0.37519	3.679
104.9	0.37671	3.588
105.0	0.37867	3.501
105.1	0.37937	3.411
105.2	0.38265	3.378
105.3	0.38281	3.291
105.4	0.38317	3.206
105.5	0.38534	8.280
105.6	0.39392	8.185
105.7	0.40262	8.089
105.8	0.41139	7.993
105.9	0.42036	7.898
106.0	0.42934	7.803
106.1	0.43871	7.708
106.2	0.45778	7.591
106.3	0.46781	7.494
106.4	0.47745	7.400
106.5	0.47558	7.324
106.6	0.48517	7.230
106.7	0.50347	7.131
106.8	0.51364	7.037
106.9	0.52362	6.943
107.0	0.53092	6.867
107.1	0.53964	6.773
107.2	0.54970	6.680
107.3	0.55992	6.586
107.4	0.57021	6.494
107.5	0.58055	6.401
107.6	0.59076	6.309
107.7	0.60230	6.215
107.8	0.61284	6.123
107.9	0.62310	6.032
108.0	0.63311	5.941
108.1	0.64359	5.850
108.2	0.65401	5.759
108.3	0.66484	5.668
108.4	0.67533	5.577
108.5	0.68534	5.488
108.6	0.69539	5.398
108.7	0.63593	5.397
108.8	0.64560	5.310
108.9	0.65524	5.223
109.0	0.66551	5.130
109.1	0.72222	4.986
109.2	0.73147	4.899
109.3	0.69337	4.871
109.4	0.70256	4.785
109.5	0.71145	4.699
109.6	0.72018	4.614
109.7	0.72834	4.530
109.8	0.73582	4.445
109.9	0.73617	4.369
110.0	0.74368	4.285
110.1	1.26161	2.623
110.2	1.25220	2.523
110.3	1.23902	2.423
110.4	1.22606	2.323
110.5	1.20999	2.223
110.6	1.19317	2.123
110.7	1.17309	2.023
110.8	1.14934	1.923
110.9	1.12528	1.823
111.0	1.11950	3.155
111.1	1.11870	3.044
111.2	1.11459	2.927
111.3	1.11415	3.429
111.4	1.11035	2.714
111.5	1.11666	3.257
111.6	1.11796	3.172
111.7	1.12914	3.022
111.8	1.12660	2.939
111.9	1.10031	2.628
112.0	1.09113	2.516
112.1	1.13671	2.530
112.2	1.12712	2.419
112.3	1.11342	2.307
112.4	1.09825	2.196
112.5	1.08048	2.085
112.6	1.06000	1.974
112.7	1.03522	1.861
112.8	1.00803	1.748
112.9	0.97755	1.636
113.0	0.95420	2.465
113.1	0.94041	2.344
113.2	0.91892	2.210
113.3	0.90110	2.092
113.4	0.88579	2.699
113.5	0.88661	3.049
113.6	0.88134	2.949
113.7	0.87681	3.371
113.8	0.87825	3.286
113.9	0.88123	3.195
114.0	0.88083	3.111
114.1	0.88389	3.111
114.2	0.88268	3.011
114.3	0.88035	2.911
114.4	0.87515	2.811
114.5	0.87159	2.711
114.6	0.83051	2.191
114.7	0.82176	3.137
114.8	0.84273	2.615
114.9	0.82549	2.939
115.0	0.79354	2.993
115.1	0.79977	2.185
115.2	0.78654	2.766
115.3	0.78104	2.651
115.4	0.77172	2.528
115.5	0.76386	2.421
115.6	0.75089	2.274
115.7	0.75512	2.357
115.8	0.75311	3.591
115.9	0.75761	3.547
116.0	0.75530	3.496
116.1	0.75664	3.411
116.2	0.75704	3.249
116.3	0.75830	3.243
116.4	0.73240	3.259
116.5	0.73468	3.180
116.6	0.70932	3.172
116.7	0.71511	3.089
116.8	0.71405	3.007
116.9	0.71117	2.929
117.0	0.70551	2.852
117.1	0.70432	2.774
117.2	0.69882	2.698
117.3	0.69357	2.535
117.4	0.68627	2.435
117.5	0.67784	2.336
117.6	0.66749	2.236
117.7	0.65794	2.135
117.8	0.64692	2.035
117.9	0.63367	1.935
118.0	0.61892	1.835
118.1	0.60851	2.417
118.2	0.59968	2.353
118.3	0.59181	2.289
118.4	0.59161	3.076
118.5	0.59040	2.992
118.6	0.58730	2.720
118.7	0.58294	2.604
118.8	0.57801	2.490
118.9	0.57139	2.375
119.0	0.56039	2.847
119.1	0.55395	2.747
119.2	0.55427	2.413
119.3	0.54844	2.314
119.4	0.54031	2.214
119.5	0.53233	2.114
119.6	0.52324	2.014
119.7	0.51628	2.424
119.8	0.50924	2.709
119.9	0.49800	2.179
120.0	0.49648	2.097
120.1	0.48733	1.988
120.2	0.48182	2.718
120.3	0.47700	2.600
120.4	0.47412	2.495
120.5	0.47505	2.414
120.6	0.46870	2.299
120.7	0.46158	2.185
120.8	0.45201	2.066
120.9	0.44217	1.951
121.0	0.44548	2.931
121.1	0.43488	3.371
121.2	0.43747	2.684
121.3	0.43606	3.196
121.4	0.41442	3.096
121.5	0.43401	2.996
121.6	0.41259	2.896
121.7	0.40018	2.796
121.8	0.40562	2.005
121.9	0.38808	3.192
122.0	0.38632	3.114
122.1	0.37608	3.058
122.2	0.38178	2.752
122.3	0.37796	2.630
122.4	0.37397	2.512
122.5	0.36899	2.392
122.6	0.36609	3.438
122.7	0.37464	3.525
122.8	0.37610	3.438
122.9	0.37677	3.351
123.0	0.36931	3.276
123.1	0.36924	3.193
123.2	0.36878	3.110
123.3	0.36796	3.029
123.4	0.36197	2.712
123.5	0.35932	2.597
123.6	0.35120	2.449
123.7	0.34636	2.330
123.8	0.34441	2.235
123.9	0.33788	2.115
124.0	0.35192	2.388
124.1	0.34729	2.274
124.2	0.34076	2.154
124.3	0.33471	2.043
124.4	0.32756	1.930
124.5	0.31768	1.807
124.6	0.30856	1.694
124.7	0.29882	2.223
124.8	0.29924	9.990
124.9	0.30644	9.893
125.0	0.31427	9.794
125.1	0.32179	9.697
125.2	0.33012	9.525
125.3	0.33668	9.503
125.4	0.35263	9.077
125.5	0.36166	8.983
125.6	0.36443	8.664
125.7	0.37234	8.565
125.8	0.38069	8.459
125.9	0.38407	8.184
126.0	0.41570	8.784
126.1	0.42552	8.687
126.2	0.43540	8.590
126.3	0.44454	8.429
126.4	0.45395	8.307
126.5	0.45160	8.203
126.6	0.46260	8.110
126.7	0.47356	8.016
126.8	0.48175	7.874
126.9	0.49075	7.697
127.0	0.49452	7.422
127.1	0.50486	7.324
127.2	0.51507	7.222
127.3	0.51665	6.996
127.4	0.53642	7.027
127.5	0.54722	6.931
127.6	0.55812	6.834
127.7	0.56908	6.736
127.8	0.56025	6.505
127.9	0.57054	6.408
128.0	0.57961	6.307
128.1	0.59011	6.211
128.2	0.59851	6.109
128.3	0.60760	6.017
128.4	0.61794	5.921
128.5	0.62821	5.827
128.6	0.63833	5.731
128.7	0.64855	5.637
128.8	0.65619	5.538
128.9	0.66611	5.445
129.0	0.68210	5.433
129.1	0.69176	5.341
129.2	0.73903	6.221
129.3	0.75069	6.106
129.4	0.76185	5.992
129.5	0.77473	5.902
129.6	0.78752	5.812
129.7	0.80051	5.722
129.8	0.81340	5.633
129.9	0.82619	5.544
130.0	0.83898	5.455
130.1	1.25805	2.359
130.2	1.24138	2.247
130.3	1.22388	2.137
130.4	1.20163	2.025
130.5	1.17381	1.909
130.6	1.18122	4.986
130.7	1.14716	5.055
130.8	1.16562	4.986
130.9	1.20070	4.771
131.0	1.21493	4.688
131.1	1.21520	4.655
131.2	1.23835	4.483
131.3	1.25208	4.515
131.4	1.26997	4.212
131.5	1.28131	4.121
131.6	1.29244	4.031
131.7	1.30074	4.221
131.8	1.31232	3.850
131.9	1.32309	3.773
132.0	1.32988	3.754
132.1	1.34991	3.882
132.2	1.32895	3.382
132.3	1.32623	3.257
132.4	1.34352	3.184
132.5	1.34473	3.075
132.6	1.32099	2.914
132.7	1.31817	2.807
132.8	1.32785	2.729
132.9	1.33039	3.517
133.0	1.32076	2.755
133.1	1.30068	2.655
133.2	1.29379	2.555
133.3	1.30777	3.117
133.4	1.30964	3.017
133.5	1.32591	2.917
133.6	1.30394	2.817
133.7	1.29564	3.446
133.8	1.28037	2.326
133.9	1.27393	3.179
134.0	1.26689	3.079
134.1	1.27388	2.980
134.2	1.28211	4.274
134.3	1.29277	4.233
134.4	1.26633	4.261
134.5	1.32114	4.073
134.6	1.32661	3.975
134.7	1.33400	3.882
134.8	1.34458	3.792
134.9	1.35236	3.701
135.0	1.36357	3.614
135.1	1.36390	3.519
135.2	1.31524	3.307
135.3	1.39248	3.497
135.4	1.32757	3.214
135.5	1.37871	3.457
135.6	1.38779	3.374
135.7	1.38959	3.290
135.8	1.38557	2.874
135.9	1.38771	2.778
136.0	1.37128	2.648
136.1	1.32620	3.088
136.2	1.36219	2.451
136.3	1.35676	2.938
136.4	1.32025	2.211
136.5	1.28519	2.077
136.6	1.26980	1.981
136.7	1.24448	2.403
136.8	1.23550	2.303
136.9	1.24347	2.495
137.0	1.22610	2.395
137.1	1.21237	2.296
137.2	1.19832	2.196
137.3	1.17823	2.095
137.4	1.17227	2.899
137.5	1.16670	2.826
137.6	1.16355	2.749
137.7	1.16233	3.353
137.8	1.16576	3.253
137.9	1.16689	3.153
138.0	1.16873	3.053
138.1	1.17210	3.489
138.2	1.16765	2.853
138.3	1.21302	3.195
138.4	1.15950	2.654
138.5	1.15281	2.546
138.6	1.15040	3.115
138.7	1.13764	3.015
138.8	1.17694	3.047
138.9	1.17481	2.970
139.0	1.12258	2.173
139.1	1.10687	2.073
139.2	1.10328	3.177
139.3	1.07687	3.077
139.4	1.06864	2.977
139.5	1.07745	3.082
139.6	1.05297	3.068
139.7	1.09549	2.677
139.8	1.00684	4.107
139.9	1.01779	4.043
140.0	1.02491	3.954
140.1	1.04153	3.896
140.2	1.01866	2.612
140.3	1.05235	3.716
140.4	1.04266	3.608
140.5	1.06078	3.543
140.6	1.06400	3.456
140.7	1.06358	3.370
140.8	1.05822	3.378
140.9	1.05348	3.336
141.0	1.05366	3.254
141.1	1.05402	3.173
141.2	1.04022	3.096
141.3	1.05128	3.015
141.4	1.04851	2.937
141.5	1.04515	2.859
141.6	1.03944	2.784
141.7	1.03558	2.709
141.8	1.02863	2.636
141.9	1.00508	2.574
142.0	1.01147	2.494
142.1	1.00152	2.424
142.2	0.98983	2.317
142.3	0.97392	2.200
142.4	0.95903	2.091
142.5	0.94174	1.981
142.6	0.91690	1.861
142.7	0.89408	1.751
142.8	0.87006	1.645
142.9	0.85426	2.171
143.0	0.83928	2.108
143.1	0.82949	3.294
143.2	0.82613	3.216
143.3	0.82842	3.130
143.4	0.83089	2.756
143.5	0.82483	2.634
143.6	0.81458	2.509
143.7	0.81518	2.459
143.8	0.80577	2.354
143.9	0.79816	2.252
144.0	0.78553	2.140
144.1	0.78054	2.341
144.2	0.77004	2.228
144.3	0.76724	2.208
144.4	0.75615	2.108
144.5	0.76090	8.320
144.6	0.76661	8.231
144.7	0.78049	8.136
144.8	0.78945	8.045
144.9	0.80527	7.949
145.0	0.82087	7.853
145.1	0.83455	7.758
145.2	0.85123	7.663
145.3	0.87264	7.565
145.4	0.88906	7.470
145.5	0.90228	7.376
145.6	0.91747	7.282
145.7	0.94414	7.183
145.8	0.95900	7.090
145.9	0.97310	6.997
146.0	0.98998	6.903
146.1	1.02573	6.838
146.2	1.04387	6.767
146.3	1.06275	6.673
146.4	1.05526	6.545
146.5	1.08980	6.542
146.6	1.10318	6.451
146.7	1.11405	6.340
146.8	1.12012	6.304
146.9	1.13908	6.210
147.0	1.15318	6.118
147.1	1.17190	6.024
147.2	1.19316	7.761
147.3	1.22985	7.592
147.4	1.24389	7.561
147.5	1.26957	7.461
147.6	1.29538	7.361
147.7	1.32170	7.261
147.8	1.34798	7.160
147.9	1.37464	7.060
148.0	1.40178	6.960
148.1	1.42891	6.861
148.2	1.45595	6.760
148.3	1.48349	6.660
148.4	1.51078	6.561
148.5	1.54198	6.373
148.6	1.56608	6.361
148.7	1.59277	6.260
148.8	1.62210	6.161
148.9	1.66126	6.060
149.0	1.68060	5.960
149.1	1.71005	5.860
149.2	1.73753	5.761
149.3	1.76459	5.661
149.4	1.79218	5.560
149.5	1.81702	5.460
149.6	1.84364	5.361
149.7	1.87070	5.261
149.8	1.89912	5.391
149.9	1.83606	4.752
150.0	1.90992	5.610
150.1	3.79979	3.537
150.2	3.81240	3.436
150.3	3.82226	3.337
150.4	3.82755	3.237
150.5	3.79666	3.135
150.6	3.79296	3.036
150.7	3.79044	2.936
150.8	3.78034	2.836
150.9	3.76597	2.737
151.0	3.76918	2.621
151.1	3.74575	2.521
151.2	3.70063	2.421
151.3	3.67559	2.322
151.4	3.63488	2.222
151.5	3.57608	2.121
151.6	3.51614	2.021
151.7	3.45829	1.921
151.8	3.36392	1.820
151.9	3.29125	1.721
152.0	3.24070	3.858
152.1	3.25680	3.795
152.2	3.27577	3.705
152.3	3.27491	3.645
152.4	3.28744	3.557
152.5	3.22315	3.379
152.6	3.19887	3.628
152.7	3.20893	3.542
152.8	3.21920	3.457
152.9	3.22663	3.373
153.0	3.23102	3.290
153.1	3.23206	3.208
153.2	3.18614	3.245
153.3	3.16398	2.995
153.4	3.15036	2.877
153.5	3.13012	2.759
153.6	3.09987	2.636
153.7	3.07340	2.523
153.8	3.03509	2.405
153.9	2.98907	2.286
154.0	2.95905	2.604
154.1	2.92496	2.483
154.2	2.87509	2.356
154.3	2.83013	2.239
154.4	2.77557	2.118
154.5	2.71407	1.998
154.6	2.83619	2.015
154.7	2.65359	2.615
154.8	2.73292	1.809
154.9	2.65066	1.694
155.0	2.58555	2.288
155.1	2.58137	3.173
155.2	2.57074	3.073
155.3	2.56921	2.972
155.4	2.56445	2.871
155.5	2.58991	2.882
155.6	2.57690	2.766
155.7	2.55153	2.644
155.8	2.53097	2.530
155.9	2.50375	2.416
156.0	2.47106	2.301
156.1	2.43438	2.188
156.2	2.42276	2.101
156.3	2.37537	1.988
156.4	2.34893	2.534
156.5	2.38017	2.455
156.6	2.35630	2.355
156.7	2.32556	2.256
156.8	2.29291	2.155
156.9	2.24850	2.055
157.0	2.20763	1.955
157.1	2.15736	1.855
157.2	2.18234	2.543
157.3	2.13668	2.402
157.4	2.11559	3.333
157.5	2.12177	3.056
157.6	2.10159	3.133
157.7	2.10820	3.033
157.8	2.09361	2.934
157.9	2.08853	2.833
158.0	2.08149	2.734
158.1	2.07116	2.633
158.2	2.07462	2.533
158.3	2.01535	2.433
158.4	2.05603	2.333
158.5	2.02187	2.233
158.6	2.00439	2.133
158.7	1.98188	2.034
158.8	1.93279	1.934
158.9	1.89205	1.834
159.0	1.85482	1.734
159.1	1.82448	3.021
159.2	1.82562	2.941
159.3	1.81219	2.866
159.4	1.79900	2.792
159.5	1.78769	2.717
159.6	1.77684	2.642
159.7	1.76534	2.568
159.8	1.76168	3.562
159.9	1.76707	3.476
160.0	1.77136	3.392
160.1	1.77411	3.308
160.2	1.77573	3.226
160.3	1.77728	3.144
160.4	1.69399	3.170
160.5	1.69268	3.069
160.6	1.70983	2.492
160.7	1.69220	2.380
160.8	1.67291	2.271
160.9	1.64770	2.158
161.0	1.62053	5.459
161.1	1.62271	2.509
161.2	1.62688	4.868
161.3	1.66585	5.403
161.4	1.63910	4.669
161.5	1.65898	4.567
161.6	1.78848	4.884
161.7	1.75208	5.182
161.8	1.83474	4.700
161.9	1.79701	4.982
162.0	1.81899	4.882
162.1	1.84136	4.781
162.2	1.91905	4.331
162.3	1.88256	4.581
162.4	1.90172	4.481
162.5	1.87261	4.381
162.6	1.89077	4.281
162.7	1.91538	4.181
162.8	1.93218	4.081
162.9	1.94892	3.982
163.0	1.96207	3.882
163.1	1.97525	3.782
163.2	1.98703	3.682
163.3	1.99724	3.581
163.4	1.97837	2.996
163.5	2.04896	3.505
163.6	1.96776	2.775
163.7	2.02070	3.182
163.8	2.02210	3.082
163.9	2.03718	3.624
164.0	2.03920	3.544
164.1	2.03653	3.497
164.2	2.02510	3.460
164.3	2.02961	3.378
164.4	2.00674	3.351
164.5	2.00895	3.271
164.6	2.00923	3.190
164.7	2.00798	3.111
164.8	2.00540	3.032
164.9	2.00039	2.946
165.0	1.98916	2.845
165.1	1.97993	2.746
165.2	1.96737	2.645
165.3	1.97477	4.364
165.4	1.99894	4.273
165.5	2.01920	4.183
165.6	2.03616	4.091
165.7	2.06356	4.009
165.8	2.07544	3.916
165.9	2.09256	3.827
166.0	2.09311	3.731
166.1	2.10958	3.645
166.2	2.11857	3.557
166.3	2.13522	3.550
166.4	2.14154	3.463
166.5	2.14748	3.378
166.6	2.15353	3.276
166.7	2.07082	3.426
166.8	2.07487	3.342
166.9	2.07608	3.259
167.0	2.07462	3.176
167.1	2.07349	3.094
167.2	2.06453	2.994
167.3	2.06700	3.098
167.4	2.06267	3.022
167.5	1.99492	3.330
167.6	1.98879	3.259
167.7	1.98800	3.179
167.8	1.98232	3.101
167.9	1.98130	3.020
168.0	1.92274	2.823
168.1	1.91043	2.708
168.2	1.89182	2.587
168.3	1.87098	2.469
168.4	1.83443	2.336
168.5	1.87214	2.301
168.6	1.84439	2.187
168.7	1.83758	4.112
168.8	1.80960	3.380
168.9	1.86147	3.936
169.0	1.87281	3.841
169.1	1.83873	3.741
169.2	1.89864	3.641
169.3	1.84883	3.541
169.4	1.85530	3.441
169.5	1.87380	3.342
169.6	1.87484	3.242
169.7	1.87443	3.141
169.8	1.81770	3.042
169.9	1.83176	2.942
170.0	1.80967	2.842
170.1	1.80668	2.742
170.2	1.85722	2.980
170.3	1.83685	2.880
170.4	1.82959	2.780
170.5	1.82462	2.680
170.6	1.80622	2.580
170.7	1.80052	2.480
170.8	1.78131	2.373
170.9	1.75655	2.258
171.0	1.73570	2.180
171.1	1.69555	2.080
171.2	1.66416	1.981
171.3	1.66381	3.759
171.4	1.66511	3.662
171.5	1.67899	3.578
171.6	1.68528	3.489
171.7	1.69017	3.402
171.8	1.69272	3.313
171.9	1.69521	3.227
172.0	1.68047	3.163
172.1	1.70785	2.993
172.2	1.70234	2.880
172.3	1.69406	2.765
172.4	1.68467	2.653
172.5	1.67155	2.540
172.6	1.65742	2.431
172.7	1.62199	2.296
172.8	1.59909	2.185
172.9	1.57252	2.073
173.0	1.54199	2.545
173.1	1.52475	2.429
173.2	1.49403	2.297
173.3	1.48778	2.858
173.4	1.47838	2.787
173.5	1.47626	2.709
173.6	1.46730	2.635
173.7	1.45499	2.564
173.8	1.44207	2.494
173.9	1.42779	2.425
174.0	1.40892	2.359
174.1	1.40752	3.440
174.2	1.41408	3.567
174.3	1.41146	3.437
174.4	1.40916	3.190
174.5	1.40830	3.090
174.6	1.38755	3.501
174.7	1.39794	2.776
174.8	1.38875	3.337
174.9	1.38646	3.252
175.0	1.37119	3.154
175.1	1.36565	3.039
175.2	1.34020	2.939
175.3	1.29727	2.839
175.4	1.28119	2.740
175.5	1.29994	2.493
175.6	1.31034	2.860
175.7	1.30390	2.746
175.8	1.30528	2.652
175.9	1.28093	2.513
176.0	1.27691	2.417
176.1	1.25137	1.938
176.2	1.24600	2.315
176.3	1.24203	2.215
176.4	1.21824	3.773
176.5	1.22329	3.683
176.6	1.22317	3.619
176.7	1.23523	3.505
176.8	1.22838	3.442
176.9	1.23354	3.356
177.0	1.23542	3.270
177.1	1.23675	3.185
177.2	1.23357	3.100
177.3	1.23114	3.017
177.4	1.22777	2.840
177.5	1.22286	2.728
177.6	1.20846	2.602
177.7	1.20127	2.496
177.8	1.18862	2.383
177.9	1.17391	2.272
178.0	1.14098	2.131
178.1	1.13291	2.041
178.2	1.09779	1.909
178.3	1.07946	1.811
178.4	1.04793	1.697
178.5	1.00850	2.857
178.6	1.00491	2.781
178.7	0.99180	2.657
178.8	0.98714	3.313
178.9	0.98728	3.213
179.0	0.98817	3.113
179.1	0.98906	3.013
179.2	0.98325	2.913
179.3	0.96378	2.810
179.4	0.96338	3.504
179.5	0.96583	3.422
179.6	0.96355	3.341
179.7	0.96469	3.260
179.8	0.96480	3.160
179.9	0.95807	2.751
180.0	0.95026	2.632
180.1	0.93637	2.676
180.2	0.93100	2.576
180.3	0.91594	2.475
180.4	0.91289	3.037
180.5	0.90850	2.938
180.6	0.91155	2.838
180.7	0.88726	2.211
180.8	0.87069	2.093
180.9	0.85163	1.976
181.0	0.84626	2.753
181.1	0.85763	2.686
181.2	0.85089	2.531
181.3	0.83145	3.462
181.4	0.83446	3.362
181.5	0.83882	3.262
181.6	0.83933	3.163
181.7	0.82968	3.630
181.8	0.83205	3.548
181.9	0.82831	3.500
182.0	0.81884	3.469
182.1	0.81988	3.386
182.2	0.79187	3.401
182.3	0.79429	3.317
182.4	0.79247	3.235
182.5	0.78940	3.155
182.6	0.78463	3.073
182.7	0.78954	2.991
182.8	0.78789	2.912
182.9	0.78586	2.829
183.0	0.78168	2.752
183.1	0.77508	2.677
183.2	0.75576	2.427
183.3	0.75570	2.327
183.4	0.74429	2.227
183.5	0.73067	2.127
183.6	0.71806	2.027
183.7	0.70400	1.927
183.8	0.69272	2.580
183.9	0.68670	2.493
184.0	0.67760	2.376
184.1	0.67332	3.312
184.2	0.69315	3.035
184.3	0.68857	2.911
184.4	0.68850	2.811
184.5	0.69102	2.723
184.6	0.68387	2.602
184.7	0.67692	2.488
184.8	0.65572	2.326
184.9	0.65641	2.247
185.0	0.64574	2.134
185.1	0.63314	2.024
185.2	0.61989	1.917
185.3	0.61117	2.774
185.4	0.60332	2.673
185.5	0.59945	2.574
185.6	0.57844	3.054
185.7	0.57936	2.419
185.8	0.57086	2.904
185.9	0.57803	3.498
186.0	0.58045	3.398
186.1	0.58241	3.298
186.2	0.58129	3.198
186.3	0.58212	3.098
186.4	0.58199	2.998
186.5	0.58148	2.898
186.6	0.58032	2.798
186.7	0.56007	3.360
186.8	0.55958	3.260
186.9	0.56179	3.160
187.0	0.53484	3.060
187.1	0.53737	2.841
187.2	0.53767	5.583
187.3	0.55154	2.713
187.4	0.54856	5.358
187.5	0.56785	5.190
187.6	0.57372	5.080
187.7	0.58218	4.986
187.8	0.58166	4.987
187.9	0.59147	4.904
188.0	0.58943	4.756
188.1	0.60706	4.715
188.2	0.61370	4.617
188.3	0.61996	4.519
188.4	0.62831	4.433
188.5	0.63471	4.338
188.6	0.63972	4.239
188.7	0.64626	4.149
188.8	0.65573	4.128
188.9	0.66046	3.992
189.0	0.66469	3.876
189.1	0.67007	3.769
189.2	0.67383	3.656
189.3	0.67577	3.537
189.4	0.67545	3.410
189.5	0.67714	3.298
189.6	0.67704	3.181
189.7	0.67831	3.074
189.8	0.67500	2.950
189.9	0.67260	2.836
190.0	0.66908	3.389
190.1	0.67003	3.306
190.2	0.67041	3.224
190.3	0.67066	3.142
190.4	0.66978	3.063
190.5	0.68460	3.147
190.6	0.67007	2.760
190.7	0.66638	2.648
190.8	0.66383	3.233
190.9	0.66357	3.154
191.0	0.66278	3.075
191.1	0.67463	2.975
191.2	0.67044	2.904
191.3	0.67089	2.826
191.4	0.66840	2.752
191.5	0.66348	2.683
191.6	0.65896	2.612
191.7	0.65394	2.543
191.8	0.65396	4.263
191.9	0.65828	4.121
192.0	0.67215	3.885
192.1	0.66980	3.955
192.2	0.67509	3.912
192.3	0.68528	3.625
192.4	0.67654	3.621
192.5	0.68676	3.437
192.6	0.69104	3.421
192.7	0.69085	3.321
192.8	0.67890	3.221
192.9	0.69215	3.121
193.0	0.68518	3.021
193.1	0.67420	2.921
193.2	0.66169	2.821
193.3	0.68733	2.996
193.4	0.68446	2.896
193.5	0.68219	2.796
193.6	0.67849	2.696
193.7	0.67326	2.596
193.8	0.66944	2.496
193.9	0.66456	2.396
194.0	0.65079	2.271
194.1	0.64363	2.196
194.2	0.63117	2.096
194.3	0.62538	1.996
194.4	0.62017	3.200
194.5	0.60691	3.193
194.6	0.60567	3.114
194.7	0.60819	4.092
194.8	0.61296	3.999
194.9	0.61684	3.906
195.0	0.62151	3.816
195.1	0.61980	3.678
195.2	0.62842	3.634
195.3	0.63150	3.545
195.4	0.63378	3.456
195.5	0.63516	3.367
195.6	0.64441	3.193
195.7	0.64493	3.106
195.8	0.63532	3.330
195.9	0.63611	3.247
196.0	0.63655	3.166
196.1	0.63602	3.085
196.2	0.63491	3.005
196.3	0.61899	3.117
196.4	0.61865	3.036
196.5	0.61422	2.691
196.6	0.59894	2.533
196.7	0.60609	2.475
196.8	0.59807	2.358
196.9	0.58901	2.242
197.0	0.58050	2.134
197.1	0.56572	2.007
197.2	0.54628	2.652
197.3	0.55873	2.552
197.4	0.55440	3.919
197.5	0.55790	3.819
197.6	0.56190	3.719
197.7	0.56482	3.619
197.8	0.56682	3.519
197.9	0.56863	3.419
198.0	0.56998	3.319
198.1	0.57122	3.219
198.2	0.56941	3.119
198.3	0.57511	3.237
198.4	0.57423	3.154
198.5	0.55444	2.819
198.6	0.55209	2.719
198.7	0.54348	3.246
198.8	0.54668	2.519
198.9	0.54778	2.730
199.0	0.54485	2.630
199.1	0.54071	2.530
199.2	0.53612	2.430
199.3	0.51606	3.060
199.4	0.50986	2.230
199.5	0.50320	2.130
199.6	0.49522	2.030
199.7	0.50042	2.891
199.8	0.49417	3.932
199.9	0.49777	3.868
200.0	0.50099	3.777
200.1	0.50253	3.716
200.2	0.50465	3.625
200.3	0.50118	3.457
200.4	0.50860	3.448
200.5	0.50140	3.273
200.6	0.51033	3.273
200.7	0.51081	3.187
200.8	0.50180	3.317
200.9	0.50203	3.236
201.0	0.50251	3.156
201.1	0.50189	3.077
201.2	0.49677	3.117
201.3	0.49608	3.039
201.4	0.48593	2.975
201.5	0.48520	2.881
201.6	0.47969	2.747
201.7	0.48759	2.694
201.8	0.46937	2.502
201.9	0.47892	2.462
202.0	0.47320	2.347
202.1	0.46720	2.235
202.2	0.45023	2.078
202.3	0.43790	1.949
202.4	0.43871	1.883
202.5	0.43380	2.461
202.6	0.42912	2.392
202.7	0.42658	2.283
202.8	0.41660	2.189
202.9	0.41341	2.098
203.0	0.40519	1.985
203.1	0.40818	3.528
203.2	0.40930	3.442
203.3	0.41041	3.358
203.4	0.41086	3.274
203.5	0.40942	3.167
203.6	0.40973	3.085
203.7	0.40910	3.004
203.8	0.39206	2.817
203.9	0.38963	2.903
204.0	0.38752	2.787
204.1	0.37702	2.617
204.2	0.37389	2.506
204.3	0.36971	2.391
204.4	0.36485	2.278
204.5	0.36749	2.281
204.6	0.37195	2.365
204.7	0.36719	2.265
204.8	0.36220	2.165
204.9	0.35653	2.065
205.0	0.34583	1.965
205.1	0.34530	3.503
205.2	0.34272	3.404
205.3	0.34422	3.304
205.4	0.34276	3.204
205.5	0.34094	3.104
205.6	0.33195	3.004
205.7	0.32957	2.904
205.8	0.33038	2.804
205.9	0.32732	2.704
206.0	0.32797	2.683
206.1	0.32191	3.166
206.2	0.32301	3.066
206.3	0.32110	2.966
206.4	0.32165	2.866
206.5	0.32029	2.766
206.6	0.31199	2.143
206.7	0.30746	2.043
206.8	0.30194	1.943
206.9	0.30025	3.166
207.0	0.29969	3.086
207.1	0.29902	3.007
207.2	0.29684	2.933
207.3	0.29563	2.856
207.4	0.29396	2.753
207.5	0.29000	2.622
207.6	0.28850	2.527
207.7	0.28580	2.416
207.8	0.28112	2.292
207.9	0.27629	2.175
208.0	0.27576	3.499
208.1	0.27673	3.416
208.2	0.27953	3.362
208.3	0.28008	3.278
208.4	0.26713	2.604
208.5	0.26580	2.753
208.6	0.26442	2.653
208.7	0.26261	2.553
208.8	0.26322	3.115
208.9	0.26283	3.015
209.0	0.26224	2.915
209.1	0.26066	2.815
209.2	0.25953	2.715
209.3	0.24866	2.159
209.4	0.24717	2.922
209.5	0.24623	2.844
209.6	0.24511	2.746
209.7	0.24340	2.631
209.8	0.24146	2.520
209.9	0.23880	2.405
210.0	0.23602	2.294
210.1	0.23265	2.182
210.2	0.22977	3.622
210.3	0.23068	3.536
210.4	0.22937	3.502
210.5	0.23235	3.349
210.6	0.22435	3.292
210.7	0.22003	3.202
210.8	0.22308	3.100
210.9	0.22364	3.002
211.0	0.22137	2.902
211.1	0.21592	2.802
211.2	0.21463	2.702
211.3	0.21327	2.602
211.4	0.21778	2.677
211.5	0.21594	2.577
211.6	0.21453	2.477
211.7	0.21183	2.377
211.8	0.20959	2.277
211.9	0.20607	2.177
212.0	0.20348	2.077
212.1	0.19974	1.977
212.2	0.19717	2.490
212.3	0.19230	3.761
212.4	0.19297	3.700
212.5	0.19229	3.604
212.6	0.19183	3.549
212.7	0.19394	3.467
212.8	0.18825	3.370
212.9	0.18831	3.286
213.0	0.18675	3.177
213.1	0.18497	3.439
213.2	0.18503	3.357
213.3	0.18523	3.276
213.4	0.18516	3.196
213.5	0.18499	3.115
213.6	0.18356	3.039
213.7	0.17968	2.799
213.8	0.17855	2.685
213.9	0.17988	5.286
214.0	0.18192	5.140
214.1	0.18518	5.095
214.2	0.18726	5.019
214.3	0.18982	4.924
214.4	0.19327	4.845
214.5	0.19578	4.751
214.6	0.19859	4.691
214.7	0.19960	4.513
214.8	0.20184	4.420
214.9	0.20402	4.328
215.0	0.20521	4.227
215.1	0.20738	4.138
215.2	0.20927	4.048
215.3	0.21087	3.957
215.4	0.21270	3.869
215.5	0.21251	3.739
215.6	0.21338	3.622
215.7	0.21433	3.510
215.8	0.21514	3.399
215.9	0.21574	3.288
216.0	0.21564	3.175
216.1	0.21604	3.083
216.2	0.21579	2.971
216.3	0.21541	2.862
216.4	0.21469	2.752
216.5	0.21364	2.643
216.6	0.21575	3.298
216.7	0.21597	3.198
216.8	0.21615	3.159
216.9	0.21866	3.376
217.0	0.21929	3.224
217.1	0.21227	3.424
217.2	0.21678	2.606
217.3	0.20973	3.224
217.4	0.20897	3.125
217.5	0.21081	2.277
217.6	0.20932	2.925
217.7	0.21030	4.484
217.8	0.21238	4.399
217.9	0.21010	4.256
218.0	0.21986	4.359
218.1	0.21331	4.063
218.2	0.22315	4.169
218.3	0.21438	3.866
218.4	0.22362	3.841
218.5	0.22056	3.710
218.6	0.22590	3.664
218.7	0.22273	3.534
218.8	0.21849	3.417
218.9	0.22907	3.397
219.0	0.23108	3.322
219.1	0.23120	3.206
219.2	0.23100	3.091
219.3	0.22136	3.523
219.4	0.22951	2.859
219.5	0.22331	3.356
219.6	0.23148	3.259
219.7	0.22686	3.187
219.8	0.23139	3.098
219.9	0.22381	3.035
220.0	0.22527	2.807
220.1	0.21825	2.624
220.2	0.21545	2.500
220.3	0.21593	2.417
220.4	0.22227	2.401
220.5	0.20716	2.159
220.6	0.20722	2.084
220.7	0.20762	2.958
220.8	0.20367	3.106
220.9	0.20537	2.448
221.0	0.20095	2.944
221.1	0.20119	2.233
221.2	0.19720	2.112
221.3	0.19760	3.931
221.4	0.20038	3.849
221.5	0.20042	3.751
221.6	0.20156	3.662
221.7	0.20333	3.574
221.8	0.20247	3.485
221.9	0.20456	3.405
222.0	0.20493	3.318
222.1	0.20469	3.436
222.2	0.20491	3.355
222.3	0.20041	3.505
222.4	0.20572	3.195
222.5	0.20582	3.116
222.6	0.20193	3.222
222.7	0.20151	3.242
222.8	0.20168	3.161
222.9	0.19285	2.923
223.0	0.18713	2.823
223.1	0.19108	2.723
223.2	0.18348	3.265
223.3	0.18334	3.185
223.4	0.18611	2.538
223.5	0.18260	2.985
223.6	0.18187	2.885
223.7	0.18128	2.785
223.8	0.18388	2.682
223.9	0.18269	3.917
224.0	0.18345	3.823
224.1	0.18434	3.731
224.2	0.18526	3.642
224.3	0.18636	3.555
224.4	0.18586	3.569
224.5	0.18649	3.482
224.6	0.18468	3.438
224.7	0.18502	3.350
224.8	0.18531	3.267
224.9	0.18536	3.184
225.0	0.18509	3.102
225.1	0.18487	3.021
225.2	0.18439	2.941
225.3	0.18390	2.862
225.4	0.18302	2.784
225.5	0.18198	2.708
225.6	0.18051	2.633
225.7	0.17836	2.560
225.8	0.17764	2.487
225.9	0.17578	2.416
226.0	0.17365	2.347
226.1	0.16753	2.208
226.2	0.16879	2.147
226.3	0.16523	2.028
226.4	0.16254	1.925
226.5	0.15832	1.809
226.6	0.15417	1.700
226.7	0.14745	1.569
226.8	0.14696	3.560
226.9	0.14753	3.475
227.0	0.14681	3.391
227.1	0.14677	2.908
227.2	0.14643	2.799
227.3	0.14568	2.686
227.4	0.14726	2.620
227.5	0.14570	2.501
227.6	0.14501	3.240
227.7	0.14508	3.162
227.8	0.14486	3.060
227.9	0.14253	2.714
228.0	0.14139	2.598
228.1	0.14096	3.124
228.2	0.14092	3.015
228.3	0.14020	2.911
228.4	0.13829	2.941
228.5	0.13788	2.865
228.6	0.13768	2.788
228.7	0.13643	2.704
228.8	0.13692	2.588
228.9	0.13592	2.510
229.0	0.13461	2.399
229.1	0.13303	2.289
229.2	0.13118	2.178
229.3	0.12893	2.067
229.4	0.12751	3.708
229.5	0.12901	3.633
229.6	0.12862	3.584
229.7	0.12736	3.408
229.8	0.12928	3.307
229.9	0.12786	3.207
230.0	0.12810	3.107
230.1	0.12567	3.008
230.2	0.12532	2.907
230.3	0.12157	2.807
230.4	0.12100	2.708
230.5	0.12074	3.172
230.6	0.11995	3.094
230.7	0.11963	3.016
230.8	0.12299	2.628
230.9	0.12158	2.505
231.0	0.11990	2.395
231.1	0.11776	2.270
231.2	0.11828	2.278
231.3	0.11844	2.337
231.4	0.11670	2.237
231.5	0.11518	2.137
231.6	0.11267	2.037
231.7	0.11084	1.937
231.8	0.10834	1.837
231.9	0.10729	3.338
232.0	0.10735	3.253
232.1	0.10649	3.183
232.2	0.10646	3.098
232.3	0.10648	2.795
232.4	0.10589	2.684
232.5	0.10499	2.568
232.6	0.10410	2.457
232.7	0.10307	2.347
232.8	0.10149	2.231
232.9	0.10026	2.126
233.0	0.09984	3.062
233.1	0.09951	2.986
233.2	0.09931	2.910
233.3	0.09630	3.123
233.4	0.09628	2.448
233.5	0.09566	2.941
233.6	0.09269	2.195
233.7	0.09186	2.906
233.8	0.09146	2.830
233.9	0.09097	2.741
234.0	0.09016	2.623
234.1	0.08908	2.501
234.2	0.08813	2.388
234.3	0.08722	3.191
234.4	0.08715	3.343
234.5	0.08770	3.244
234.6	0.08738	3.144
234.7	0.08781	3.044
234.8	0.08762	2.943
234.9	0.08750	2.844
235.0	0.08474	2.743
235.1	0.08386	3.306
235.2	0.08410	2.544
235.3	0.08255	3.106
235.4	0.08249	3.006
235.5	0.08326	2.906
235.6	0.07970	2.806
235.7	0.07703	3.251
235.8	0.08088	2.606
235.9	0.07932	2.949
236.0	0.07896	2.871
236.1	0.07866	2.794
236.2	0.07695	2.667
236.3	0.07643	2.558
236.4	0.07562	2.443
236.5	0.07446	2.312
236.6	0.07417	3.530
236.7	0.07553	3.473
236.8	0.07590	3.503
236.9	0.07508	3.343
237.0	0.07492	3.259
237.1	0.07486	3.176
237.2	0.07490	3.093
237.3	0.07465	3.014
237.4	0.07448	2.934
237.5	0.07288	2.601
237.6	0.07234	2.490
237.7	0.07123	2.365
237.8	0.07026	2.256
237.9	0.06918	2.147
238.0	0.06695	2.004
238.1	0.06600	1.906
238.2	0.06979	2.255
238.3	0.06853	2.128
238.4	0.06729	2.017
238.5	0.06563	1.899
238.6	0.06395	1.786
238.7	0.06217	1.675
238.8	0.05960	1.543
238.9	0.05943	3.479
239.0	0.05963	3.379
239.1	0.05991	3.279
239.2	0.06000	3.179
239.3	0.05988	3.089
239.4	0.05977	2.980
239.5	0.05772	2.879
239.6	0.05752	2.779
239.7	0.05797	2.679
239.8	0.05770	2.579
239.9	0.05730	2.479
240.0	0.05605	2.528
240.1	0.05556	2.428
240.2	0.05512	2.842
240.3	0.05485	2.741
240.4	0.05475	5.509
240.5	0.05543	5.409
240.6	0.05645	5.318
240.7	0.05727	5.224
240.8	0.05809	5.130
240.9	0.05909	5.044
241.0	0.05998	4.957
241.1	0.06075	4.864
241.2	0.06158	4.770
241.3	0.06233	4.677
241.4	0.06324	4.589
241.5	0.06388	4.492
241.6	0.06454	4.402
241.7	0.06511	4.310
241.8	0.06580	4.219
241.9	0.06641	4.130
242.0	0.06697	4.042
242.1	0.06783	4.005
242.2	0.06839	3.943
242.3	0.06902	3.885
242.4	0.06935	3.799
242.5	0.06942	3.747
242.6	0.07000	3.662
242.7	0.07015	3.579
242.8	0.07077	3.497
242.9	0.07032	3.453
243.0	0.07053	3.371
243.1	0.07068	3.290
243.2	0.07059	3.211
243.3	0.07069	3.131
243.4	0.07067	3.053
243.5	0.07059	2.976
243.6	0.07064	2.898
243.7	0.07044	2.789
243.8	0.07037	2.687
243.9	0.06944	2.554
244.0	0.06726	2.386
244.1	0.06780	2.320
244.2	0.06692	2.210
244.3	0.06602	2.807
244.4	0.06576	2.736
244.5	0.06542	2.665
244.6	0.06570	4.280
244.7	0.06631	4.192
244.8	0.06651	4.101
244.9	0.06700	4.014
245.0	0.06773	3.927
245.1	0.06822	3.842
245.2	0.06868	3.756
245.3	0.06905	3.672
245.4	0.06941	3.588
245.5	0.06904	3.346
245.6	0.06897	3.355
245.7	0.07020	3.492
245.8	0.06957	3.202
245.9	0.06964	3.102
246.0	0.06970	3.002
246.1	0.06963	2.902
246.2	0.06907	2.802
246.3	0.06886	2.702
246.4	0.06958	2.945
246.5	0.06932	2.831
246.6	0.06898	2.718
246.7	0.06878	2.964
246.8	0.06870	2.514
246.9	0.06801	2.764
247.0	0.06768	2.664
247.1	0.06643	2.540
247.2	0.06570	2.440
247.3	0.06318	2.340
247.4	0.06252	3.113
247.5	0.06163	2.140
247.6	0.06203	4.196
247.7	0.06194	4.096
247.8	0.06335	4.036
247.9	0.06393	3.969
248.0	0.06308	3.814
248.1	0.06398	3.738
248.2	0.06479	3.716
248.3	0.06508	3.626
248.4	0.06539	3.538
248.5	0.06477	3.658
248.6	0.06501	3.574
248.7	0.06545	3.489
248.8	0.06434	3.411
248.9	0.06564	3.324
249.0	0.06417	3.250
249.1	0.06494	3.167
249.2	0.06580	3.083
249.3	0.06243	2.773
249.4	0.06522	3.031
249.5	0.06112	2.526
249.6	0.06081	3.087
249.7	0.06316	2.820
249.8	0.06161	2.917
249.9	0.05955	2.141
250.0	0.06115	2.262
