300.0	10.00595	16.449
300.1	9.98769	16.592
300.2	9.97189	16.504
300.3	9.95338	16.460
300.4	9.93243	16.526
300.5	9.91971	16.496
300.6	9.90054	16.451
300.7	9.87429	16.539
300.8	9.85849	16.447
300.9	9.84230	16.359
301.0	9.81891	16.407
301.1	9.80260	16.319
301.2	9.78055	16.443
301.3	9.75704	16.487
301.4	9.74118	16.399
301.5	9.72522	16.311
301.6	9.71048	16.386
301.7	9.69431	16.298
301.8	9.66657	16.360
301.9	9.63687	16.391
302.0	9.62101	16.304
302.1	9.60366	16.365
302.2	9.58690	16.500
302.3	9.57167	16.409
302.4	9.55461	16.457
302.5	9.53987	16.505
302.6	9.52890	16.486
302.7	9.51105	16.442
302.8	9.49206	16.521
302.9	9.47236	16.461
303.0	9.45525	16.499
303.1	9.44648	16.574
303.2	9.43162	16.488
303.3	9.41214	16.433
303.4	9.39140	16.503
303.5	9.37022	16.474
303.6	9.35571	16.483
303.7	9.33803	16.519
303.8	9.31833	16.468
303.9	9.30295	16.377
304.0	9.28506	16.497
304.1	9.26502	16.441
304.2	9.24750	16.439
304.3	9.22760	16.471
304.4	9.21147	16.467
304.5	9.20022	16.473
304.6	9.18498	16.387
304.7	9.16985	16.297
304.8	9.14569	16.404
304.9	9.12779	16.447
305.0	9.11275	16.358
305.1	9.08878	16.373
305.2	9.08640	16.527
305.3	9.07162	16.442
305.4	9.05112	16.421
305.5	9.03822	16.577
305.6	9.02367	16.488
305.7	9.00651	16.448
305.8	8.99555	16.478
305.9	8.98185	16.477
306.0	8.95984	16.474
306.1	8.94840	16.490
306.2	8.93455	16.485
306.3	8.91734	16.441
306.4	8.90251	16.480
306.5	8.88251	16.435
306.6	8.86786	16.346
306.7	8.84276	16.337
306.8	8.82284	16.476
306.9	8.80875	16.388
307.0	8.79082	16.395
307.1	8.77637	16.307
307.2	8.75120	16.399
307.3	8.73608	16.480
307.4	8.71595	16.430
307.5	8.70130	16.342
307.6	8.68700	16.428
307.7	8.67275	16.337
307.8	8.64543	16.455
307.9	8.63470	16.450
308.0	8.62041	16.363
308.1	8.59658	16.386
308.2	8.58949	16.465
308.3	8.57373	16.495
308.4	8.55407	16.478
308.5	8.54447	16.503
308.6	8.53123	16.510
308.7	8.51537	16.467
308.8	8.49997	16.538
308.9	8.48964	16.513
309.0	8.47020	16.496
309.1	8.45415	16.560
309.2	8.44377	16.532
309.3	8.42789	16.489
309.4	8.41332	16.524
309.5	8.39628	16.467
309.6	8.37863	16.408
309.7	8.36491	16.528
309.8	8.35376	16.498
309.9	8.33553	16.447
310.0	8.31921	16.478
310.1	8.29582	16.479
310.2	8.28239	16.393
310.3	8.26829	16.479
310.4	8.25020	16.424
310.5	8.24113	16.484
310.6	8.22757	16.398
310.7	8.21398	16.308
310.8	8.18945	16.428
310.9	8.17610	16.338
311.0	8.16247	16.358
311.1	8.14362	16.355
311.2	8.13624	16.438
311.3	8.11630	16.409
311.4	8.10269	16.320
311.5	8.08945	16.483
311.6	8.07649	16.515
311.7	8.06102	16.472
311.8	8.04885	16.490
311.9	8.03033	16.475
312.0	8.01732	16.387
312.1	8.00661	16.523
312.2	7.98678	16.490
312.3	7.97369	16.401
312.4	7.96226	16.509
312.5	7.94787	16.533
312.6	7.93266	16.486
312.7	7.92086	16.500
312.8	7.90226	16.461
312.9	7.88456	16.409
313.0	7.87158	16.321
313.1	7.85009	16.387
313.2	7.83626	16.469
313.3	7.82338	16.381
313.4	7.80654	16.410
313.5	7.78680	16.392
313.6	7.77368	16.303
313.7	7.76614	16.352
313.8	7.74477	16.451
313.9	7.73205	16.363
314.0	7.71965	16.382
314.1	7.69939	16.400
314.2	7.69319	16.477
314.3	7.68182	16.487
314.4	7.66568	16.430
314.5	7.65295	16.519
314.6	7.64206	16.518
314.7	7.62771	16.476
314.8	7.61696	16.487
314.9	7.60446	16.527
315.0	7.58883	16.467
315.1	7.57494	16.538
315.2	7.56574	16.515
315.3	7.55130	16.472
315.4	7.53736	16.497
315.5	7.51765	16.495
315.6	7.50544	16.405
315.7	7.49447	16.512
315.8	7.48153	16.502
315.9	7.46357	16.466
316.0	7.45144	16.380
316.1	7.43897	16.289
316.2	7.41558	16.404
316.3	7.40340	16.315
316.4	7.38199	16.467
316.5	7.36973	16.377
316.6	7.35760	16.287
316.7	7.34944	16.343
316.8	7.32658	16.464
316.9	7.31463	16.375
317.0	7.30243	16.392
317.1	7.28604	16.340
317.2	7.27599	16.490
317.3	7.26497	16.505
317.4	7.24907	16.484
317.5	7.24069	16.512
317.6	7.22415	16.471
317.7	7.21407	16.499
317.8	7.20400	16.505
317.9	7.19429	16.527
318.0	7.17886	16.502
318.1	7.16702	16.548
318.2	7.15104	16.504
318.3	7.14039	16.519
318.4	7.13088	16.533
318.5	7.11610	16.481
318.6	7.10290	16.512
318.7	7.09399	16.484
318.8	7.07219	16.513
318.9	7.06074	16.425
319.0	7.04920	16.337
319.1	7.03277	16.381
319.2	7.02134	16.294
319.3	7.00491	16.510
319.4	6.98867	16.465
319.5	6.97727	16.377
319.6	6.96563	16.289
319.7	6.95521	16.368
319.8	6.93917	16.316
319.9	6.92277	16.395
320.0	6.91395	16.392
320.1	6.89800	16.386
320.2	6.89180	16.471
320.3	6.87801	16.512
320.4	6.86359	16.453
320.5	6.85368	16.521
320.6	6.84578	16.506
320.7	6.83085	16.481
320.8	6.82357	16.467
320.9	6.80637	16.439
321.0	6.78925	16.433
321.1	6.77691	16.467
321.2	6.76420	16.517
321.3	6.75339	16.431
321.4	6.74218	16.344
321.5	6.72967	16.471
321.6	6.71449	16.441
321.7	6.70650	16.506
321.8	6.69070	16.488
321.9	6.67980	16.398
322.0	6.66498	16.348
322.1	6.64836	16.495
322.2	6.63758	16.406
322.3	6.62429	16.408
322.4	6.60961	16.444
322.5	6.59897	16.355
322.6	6.58994	16.444
322.7	6.57927	16.355
322.8	6.56188	16.457
322.9	6.55111	16.368
323.0	6.53764	16.414
323.1	6.52050	16.429
323.2	6.51549	16.507
323.3	6.50804	16.498
323.4	6.49348	16.478
323.5	6.48411	16.530
323.6	6.47288	16.550
323.7	6.46102	16.510
323.8	6.45457	16.496
323.9	6.44323	16.543
324.0	6.43297	16.455
324.1	6.41724	16.452
324.2	6.40954	16.549
324.3	6.39743	16.508
324.4	6.38706	16.419
324.5	6.37432	16.561
324.6	6.36228	16.516
324.7	6.35432	16.489
324.8	6.33634	16.500
324.9	6.32615	16.412
325.0	6.31573	16.324
325.1	6.29665	16.407
325.2	6.28648	16.319
325.3	6.27756	16.458
325.4	6.25872	16.470
325.5	6.24856	16.379
325.6	6.23829	16.292
325.7	6.22299	16.248
325.8	6.20523	16.225
325.9	6.19384	16.427
326.0	6.18632	16.417
326.1	6.17595	16.329
326.2	6.16165	16.281
326.3	6.14852	16.481
326.4	6.13894	16.488
326.5	6.13143	16.515
326.6	6.11752	16.498
326.7	6.11064	16.476
326.8	6.09920	16.435
326.9	6.08984	16.570
327.0	6.07762	16.507
327.1	6.06625	16.463
327.2	6.05405	16.533
327.3	6.04665	16.503
327.4	6.03808	16.522
327.5	6.02203	16.528
327.6	6.01223	16.438
327.7	6.00037	16.472
327.8	5.99128	16.560
327.9	5.97835	16.504
328.0	5.96890	16.419
328.1	5.95693	16.455
328.2	5.94278	16.429
328.3	5.92981	16.456
328.4	5.91667	16.492
328.5	5.90732	16.403
328.6	5.90094	16.461
328.7	5.89121	16.375
328.8	5.88147	16.286
328.9	5.86421	16.408
329.0	5.85463	16.426
329.1	5.84125	16.422
329.2	5.83163	16.333
329.3	5.82654	16.530
329.4	5.81716	16.445
329.5	5.80441	16.422
329.6	5.79854	16.542
329.7	5.78925	16.454
329.8	5.77679	16.431
329.9	5.77042	16.543
330.0	5.75788	16.520
330.1	5.74849	16.432
330.2	5.73383	16.539
330.3	5.72458	16.451
330.4	5.71527	16.363
330.5	5.70489	16.484
330.6	5.69566	16.397
330.7	5.68370	16.455
330.8	5.67320	16.470
330.9	5.66402	16.382
331.0	5.64870	16.377
331.1	5.63286	16.443
331.2	5.62369	16.355
331.3	5.61306	16.436
331.4	5.60385	16.349
331.5	5.59118	16.385
331.6	5.57718	16.360
331.7	5.57142	16.407
331.8	5.56228	16.319
331.9	5.54699	16.417
332.0	5.53771	16.441
332.1	5.52849	16.350
332.2	5.51372	16.369
332.3	5.50998	16.543
332.4	5.50110	16.456
332.5	5.48835	16.443
332.6	5.48113	16.577
332.7	5.47236	16.490
332.8	5.46212	16.449
332.9	5.45387	16.586
333.0	5.44529	16.500
333.1	5.43102	16.501
333.2	5.42626	16.578
333.3	5.41773	16.489
333.4	5.40734	16.448
333.5	5.39190	16.561
333.6	5.38327	16.475
333.7	5.37497	16.481
333.8	5.36509	16.513
333.9	5.35775	16.484
334.0	5.34422	16.455
334.1	5.33160	16.523
334.2	5.32307	16.434
334.3	5.31372	16.439
334.4	5.30063	16.489
334.5	5.29266	16.455
334.6	5.28586	16.462
334.7	5.27729	16.373
334.8	5.26854	16.284
334.9	5.25428	16.388
335.0	5.24342	16.429
335.1	5.23495	16.340
335.2	5.22232	16.298
335.3	5.21353	16.459
335.4	5.20526	16.473
335.5	5.19385	16.446
335.6	5.18364	16.528
335.7	5.17537	16.440
335.8	5.16686	16.450
335.9	5.16140	16.577
336.0	5.15316	16.489
336.1	5.14216	16.463
336.2	5.13437	16.475
336.3	5.12145	16.473
336.4	5.11375	16.485
336.5	5.10400	16.537
336.6	5.09577	16.449
336.7	5.08612	16.479
336.8	5.07549	16.423
336.9	5.06393	16.480
337.0	5.05555	16.392
337.1	5.04408	16.437
337.2	5.03569	16.349
337.3	5.02376	16.398
337.4	5.01168	16.522
337.5	5.00376	16.436
337.6	4.99543	16.348
337.7	4.98756	16.428
337.8	4.97944	16.341
337.9	4.96421	16.460
338.0	4.95606	16.369
338.1	4.95005	16.364
338.2	4.93872	16.360
338.3	4.93461	16.446
338.4	4.92442	16.493
338.5	4.91301	16.476
338.6	4.90737	16.499
338.7	4.90176	16.483
338.8	4.89112	16.463
338.9	4.88207	16.528
339.0	4.87620	16.505
339.1	4.86513	16.489
339.2	4.85863	16.506
339.3	4.84985	16.521
339.4	4.84053	16.474
339.5	4.83203	16.511
339.6	4.82159	16.458
339.7	4.81250	16.486
339.8	4.80327	16.502
339.9	4.79548	16.413
340.0	4.78770	16.324
340.1	4.77444	16.326
340.2	4.76271	16.464
340.3	4.75123	16.421
340.4	4.74347	16.332
340.5	4.73554	16.243
340.6	4.72606	16.328
340.7	4.71971	16.412
340.8	4.71196	16.324
340.9	4.69955	16.422
341.0	4.69187	16.333
341.1	4.68190	16.381
341.2	4.66934	16.401
341.3	4.66556	16.476
341.4	4.66033	16.464
341.5	4.64818	16.470
341.6	4.64262	16.501
341.7	4.63467	16.522
341.8	4.62600	16.480
341.9	4.62035	16.507
342.0	4.61320	16.513
342.1	4.60162	16.513
342.2	4.59601	16.528
342.3	4.58899	16.523
342.4	4.58040	16.480
342.5	4.57244	16.522
342.6	4.56349	16.536
342.7	4.55478	16.493
342.8	4.54814	16.504
342.9	4.53663	16.474
343.0	4.52917	16.386
343.1	4.51546	16.475
343.2	4.50815	16.388
343.3	4.50061	16.297
343.4	4.49174	16.498
343.5	4.48137	16.449
343.6	4.47402	16.361
343.7	4.46661	16.274
343.8	4.46027	16.345
343.9	4.44992	16.296
344.0	4.44054	16.359
344.1	4.43340	16.376
344.2	4.42182	16.387
344.3	4.41792	16.465
344.4	4.41115	16.477
344.5	4.40190	16.417
344.6	4.39439	16.503
344.7	4.38491	16.453
344.8	4.37776	16.366
344.9	4.36952	16.393
345.0	4.36343	16.533
345.1	4.35462	16.471
345.2	4.34687	16.518
345.3	4.33685	16.500
345.4	4.32988	16.411
345.5	4.32379	16.510
345.6	4.31347	16.494
345.7	4.30643	16.404
345.8	4.29574	16.469
345.9	4.29074	16.526
346.0	4.28164	16.471
346.1	4.27462	16.382
346.2	4.26570	16.421
346.3	4.25531	16.401
346.4	4.24613	16.512
346.5	4.23634	16.466
346.6	4.22946	16.377
346.7	4.22250	16.288
346.8	4.21806	16.344
346.9	4.20553	16.467
347.0	4.19858	16.378
347.1	4.19184	16.396
347.2	4.18229	16.393
347.3	4.17883	16.474
347.4	4.17157	16.508
347.5	4.16252	16.486
347.6	4.15774	16.514
347.7	4.15181	16.516
347.8	4.14276	16.497
347.9	4.13654	16.542
348.0	4.13163	16.523
348.1	4.12273	16.498
348.2	4.11740	16.521
348.3	4.10852	16.556
348.4	4.10085	16.511
348.5	4.09515	16.527
348.6	4.08843	16.522
348.7	4.07915	16.501
348.8	4.07187	16.533
348.9	4.06145	16.499
349.0	4.05500	16.412
349.1	4.04833	16.324
349.2	4.03872	16.368
349.3	4.03198	16.280
349.4	4.02118	16.346
349.5	4.01451	16.259
349.6	4.00481	16.362
349.7	3.99812	16.275
349.8	3.99080	16.379
349.9	3.98169	16.325
350.0	3.97291	16.344
350.1	3.96606	16.406
350.2	3.95518	16.424
350.3	3.95182	16.498
350.4	3.94588	16.506
350.5	3.93770	16.447
350.6	3.93126	16.500
350.7	3.92463	16.546
350.8	3.91720	16.504
350.9	3.91171	16.513
351.0	3.90312	16.491
351.1	3.89696	16.495
351.2	3.88826	16.471
351.3	3.88491	16.547
351.4	3.87744	16.505
351.5	3.86998	16.533
351.6	3.86161	16.508
351.7	3.85353	16.449
351.8	3.84833	16.549
351.9	3.84040	16.490
352.0	3.83340	16.493
352.1	3.82542	16.434
352.2	3.81659	16.499
352.3	3.81051	16.411
352.4	3.80479	16.470
352.5	3.79425	16.473
352.6	3.79004	16.530
352.7	3.78390	16.441
352.8	3.77780	16.353
352.9	3.76778	16.457
353.0	3.76160	16.368
353.1	3.75396	16.410
353.2	3.74422	16.427
353.3	3.74196	16.460
353.4	3.73686	16.491
353.5	3.72846	16.473
353.6	3.72314	16.524
353.7	3.71676	16.541
353.8	3.70971	16.499
353.9	3.70596	16.483
354.0	3.69945	16.529
354.1	3.69138	16.503
354.2	3.68727	16.485
354.3	3.67952	16.432
354.4	3.66926	16.444
354.5	3.66369	16.454
354.6	3.65632	16.506
354.7	3.65045	16.418
354.8	3.64447	16.331
354.9	3.63644	16.358
355.0	3.62719	16.446
355.1	3.62126	16.358
355.2	3.61281	16.399
355.3	3.60682	16.312
355.4	3.59781	16.368
355.5	3.58908	16.489
355.6	3.58329	16.402
355.7	3.57742	16.312
355.8	3.57148	16.398
355.9	3.56326	16.345
356.0	3.55435	16.427
356.1	3.54999	16.423
356.2	3.54198	16.417
356.3	3.53971	16.454
356.4	3.53120	16.554
356.5	3.52558	16.464
356.6	3.51749	16.447
356.7	3.51513	16.541
356.8	3.50948	16.454
356.9	3.50168	16.436
357.0	3.49669	16.570
357.1	3.49112	16.481
357.2	3.48497	16.527
357.3	3.47640	16.529
357.4	3.47211	16.500
357.5	3.46559	16.454
357.6	3.45783	16.524
357.7	3.45225	16.435
357.8	3.44574	16.466
357.9	3.44045	16.553
358.0	3.43307	16.499
358.1	3.42751	16.410
358.2	3.41798	16.510
358.3	3.41247	16.421
358.4	3.40515	16.445
358.5	3.39980	16.500
358.6	3.39436	16.411
358.7	3.38991	16.423
358.8	3.38434	16.334
358.9	3.37336	16.423
359.0	3.36785	16.334
359.1	3.36222	16.245
359.2	3.35226	16.382
359.3	3.34478	16.368
359.4	3.34355	16.514
359.5	3.33812	16.425
359.6	3.33005	16.391
359.7	3.32389	16.489
359.8	3.31921	16.486
359.9	3.31292	16.442
360.0	3.30739	16.499
360.1	3.30339	16.477
360.2	3.29573	16.438
360.3	3.29103	16.574
360.4	3.28581	16.486
360.5	3.27880	16.433
360.6	3.27210	16.517
360.7	3.26696	16.506
360.8	3.26067	16.459
360.9	3.25280	16.529
361.0	3.24761	16.442
361.1	3.24234	16.352
361.2	3.23219	16.447
361.3	3.22691	16.357
361.4	3.22190	16.441
361.5	3.21496	16.385
361.6	3.20760	16.423
361.7	3.20233	16.333
361.8	3.19762	16.410
361.9	3.19236	16.323
362.0	3.18370	16.422
362.1	3.17849	16.441
362.2	3.17324	16.353
362.3	3.16498	16.368
362.4	3.16274	16.543
362.5	3.15769	16.454
362.6	3.15026	16.443
362.7	3.14639	16.574
362.8	3.14142	16.485
362.9	3.13544	16.443
363.0	3.13067	16.579
363.1	3.12576	16.493
363.2	3.11854	16.472
363.3	3.11481	16.568
363.4	3.10989	16.479
363.5	3.10390	16.438
363.6	3.09530	16.540
363.7	3.09040	16.454
363.8	3.08534	16.364
363.9	3.07734	16.412
364.0	3.07225	16.325
364.1	3.06650	16.441
364.2	3.05981	16.482
364.3	3.05480	16.393
364.4	3.04715	16.377
364.5	3.03807	16.527
364.6	3.03328	16.439
364.7	3.02827	16.352
364.8	3.02324	16.263
364.9	3.02006	16.315
365.0	3.01076	16.438
365.1	3.00590	16.453
365.2	3.00099	16.365
365.3	2.99421	16.360
365.4	2.98943	16.494
365.5	2.98613	16.479
365.6	2.97974	16.456
365.7	2.97623	16.483
365.8	2.97203	16.485
365.9	2.96543	16.468
366.0	2.96210	16.583
366.1	2.95744	16.495
366.2	2.95108	16.472
366.3	2.94430	16.562
366.4	2.93961	16.474
366.5	2.93527	16.490
366.6	2.93118	16.585
366.7	2.92653	16.497
366.8	2.91982	16.479
366.9	2.91452	16.513
367.0	2.90725	16.479
367.1	2.90251	16.391
367.2	2.89581	16.436
367.3	2.89106	16.346
367.4	2.88418	16.478
367.5	2.87949	16.478
367.6	2.87277	16.430
367.7	2.86804	16.342
367.8	2.86492	16.397
367.9	2.86020	16.309
368.0	2.85022	16.446
368.1	2.84562	16.359
368.2	2.84200	16.353
368.3	2.83539	16.349
368.4	2.83280	16.431
368.5	2.82772	16.457
368.6	2.82159	16.407
368.7	2.81451	16.533
368.8	2.81130	16.512
368.9	2.80601	16.469
369.0	2.80010	16.546
369.1	2.79561	16.456
369.2	2.79096	16.465
369.3	2.78569	16.533
369.4	2.78216	16.510
369.5	2.77615	16.460
369.6	2.77167	16.370
369.7	2.76496	16.473
369.8	2.75937	16.507
369.9	2.75533	16.512
370.0	2.74947	16.460
370.1	2.74427	16.463
370.2	2.73979	16.376
370.3	2.73224	16.467
370.4	2.72745	16.470
370.5	2.72153	16.415
370.6	2.71570	16.447
370.7	2.71270	16.503
370.8	2.70836	16.414
370.9	2.70394	16.328
371.0	2.69685	16.428
371.1	2.69239	16.339
371.2	2.68685	16.386
371.3	2.67977	16.402
371.4	2.67765	16.478
371.5	2.67468	16.467
371.6	2.66874	16.449
371.7	2.66491	16.499
371.8	2.66036	16.519
371.9	2.65538	16.479
372.0	2.65218	16.504
372.1	2.64811	16.510
372.2	2.64239	16.486
372.3	2.63833	16.523
372.4	2.63433	16.517
372.5	2.62930	16.473
372.6	2.62484	16.512
372.7	2.61971	16.527
372.8	2.61468	16.481
372.9	2.61077	16.492
373.0	2.60400	16.463
373.1	2.59977	16.375
373.2	2.59549	16.287
373.3	2.58843	16.353
373.4	2.58412	16.265
373.5	2.57651	16.346
373.6	2.57039	16.458
373.7	2.56622	16.370
373.8	2.56198	16.282
373.9	2.55572	16.235
374.0	2.55011	16.347
374.1	2.54491	16.395
374.2	2.54179	16.387
374.3	2.53597	16.380
374.4	2.53377	16.462
374.5	2.52669	16.451
374.6	2.52279	16.458
374.7	2.51927	16.525
374.8	2.51638	16.506
374.9	2.51065	16.491
375.0	2.50626	16.524
375.1	2.50287	16.537
375.2	2.49783	16.477
375.3	2.49397	16.534
375.4	2.48808	16.502
375.5	2.48437	16.515
375.6	2.48062	16.516
375.7	2.47489	16.494
375.8	2.47091	16.407
375.9	2.46614	16.526
376.0	2.46229	16.529
376.1	2.45706	16.473
376.2	2.45309	16.386
376.3	2.44754	16.455
376.4	2.44230	16.397
376.5	2.43696	16.512
376.6	2.43332	16.478
376.7	2.43017	16.489
376.8	2.42629	16.402
376.9	2.42227	16.313
377.0	2.41399	16.460
377.1	2.41007	16.371
377.2	2.40614	16.390
377.3	2.40061	16.385
377.4	2.39849	16.468
377.5	2.39511	16.474
377.6	2.38914	16.472
377.7	2.38627	16.501
377.8	2.38276	16.502
377.9	2.37820	16.464
378.0	2.37467	16.506
378.1	2.36958	16.457
378.2	2.36574	16.371
378.3	2.36114	16.399
378.4	2.35716	16.541
378.5	2.35203	16.494
378.6	2.34820	16.405
378.7	2.34322	16.487
378.8	2.33943	16.398
378.9	2.33529	16.523
379.0	2.32934	16.492
379.1	2.32561	16.404
379.2	2.32178	16.316
379.3	2.31418	16.415
379.4	2.31040	16.326
379.5	2.30601	16.409
379.6	2.30223	16.321
379.7	2.29627	16.390
379.8	2.29246	16.301
379.9	2.28898	16.379
380.0	2.28378	16.328
380.1	2.27899	16.389
380.2	2.27511	16.411
380.3	2.26904	16.428
380.4	2.26720	16.504
380.5	2.26382	16.513
380.6	2.25913	16.454
380.7	2.25527	16.547
380.8	2.25206	16.548
380.9	2.24785	16.506
381.0	2.24469	16.517
381.1	2.24081	16.556
381.2	2.23634	16.496
381.3	2.23235	16.571
381.4	2.22961	16.546
381.5	2.22539	16.504
381.6	2.22194	16.508
381.7	2.21540	16.531
381.8	2.21184	16.442
381.9	2.20926	16.506
382.0	2.20429	16.482
382.1	2.20009	16.485
382.2	2.19652	16.397
382.3	2.19057	16.488
382.4	2.18705	16.401
382.5	2.18278	16.483
382.6	2.17651	16.486
382.7	2.17301	16.398
382.8	2.16943	16.309
382.9	2.16579	16.221
383.0	2.16043	16.355
383.1	2.15682	16.265
383.2	2.15245	16.422
383.3	2.14757	16.413
383.4	2.14619	16.448
383.5	2.14029	16.465
383.6	2.13678	16.510
383.7	2.13470	16.496
383.8	2.13119	16.536
383.9	2.12687	16.478
384.0	2.12413	16.506
384.1	2.12041	16.551
384.2	2.11588	16.525
384.3	2.11359	16.505
384.4	2.10891	16.486
384.5	2.10400	16.447
384.6	2.10089	16.459
384.7	2.09797	16.554
384.8	2.09463	16.465
384.9	2.09052	16.511
385.0	2.08627	16.453
385.1	2.08066	16.451
385.2	2.07726	16.364
385.3	2.07249	16.406
385.4	2.06905	16.317
385.5	2.06401	16.456
385.6	2.05924	16.494
385.7	2.05590	16.405
385.8	2.05253	16.316
385.9	2.05036	16.372
386.0	2.04695	16.283
386.1	2.03983	16.427
386.2	2.03729	16.419
386.3	2.03399	16.333
386.4	2.02935	16.327
386.5	2.02729	16.526
386.6	2.02254	16.485
386.7	2.01877	16.441
386.8	2.01729	16.535
386.9	2.01345	16.495
387.0	2.01021	16.409
387.1	2.00675	16.557
387.2	2.00359	16.469
387.3	1.99895	16.451
387.4	1.99641	16.551
387.5	1.99322	16.463
387.6	1.98867	16.419
387.7	1.98543	16.331
387.8	1.98001	16.448
387.9	1.97602	16.476
388.0	1.97195	16.519
388.1	1.96879	16.431
388.2	1.96559	16.344
388.3	1.96167	16.350
388.4	1.95630	16.436
388.5	1.95213	16.441
388.6	1.94896	16.353
388.7	1.94405	16.420
388.8	1.94083	16.330
388.9	1.93878	16.385
389.0	1.93366	16.481
389.1	1.93053	16.393
389.2	1.92639	16.443
389.3	1.92229	16.386
389.4	1.91806	16.374
389.5	1.91751	16.524
389.6	1.91440	16.436
389.7	1.91017	16.417
389.8	1.90706	16.582
389.9	1.90406	16.493
390.0	1.90048	16.451
390.1	1.89747	16.505
390.2	1.89525	16.486
390.3	1.89118	16.459
390.4	1.88841	16.581
390.5	1.88544	16.492
390.6	1.88185	16.449
390.7	1.87792	16.517
390.8	1.87494	16.506
390.9	1.87137	16.459
391.0	1.86683	16.530
391.1	1.86386	16.441
391.2	1.86082	16.354
391.3	1.85578	16.421
391.4	1.85274	16.332
391.5	1.84920	16.436
391.6	1.84405	16.505
391.7	1.84108	16.416
391.8	1.83807	16.326
391.9	1.83535	16.401
392.0	1.83234	16.312
392.1	1.82716	16.411
392.2	1.82483	16.408
392.3	1.82181	16.321
392.4	1.81706	16.334
392.5	1.81496	16.402
392.6	1.80969	16.423
392.7	1.80643	16.469
392.8	1.80330	16.526
392.9	1.80039	16.437
393.0	1.79786	16.459
393.1	1.79524	16.470
393.2	1.79212	16.503
393.3	1.78804	16.483
393.4	1.78499	16.525
393.5	1.78124	16.471
393.6	1.77857	16.483
393.7	1.77457	16.549
393.8	1.77173	16.460
393.9	1.76863	16.459
394.0	1.76522	16.498
394.1	1.76249	16.498
394.2	1.75871	16.441
394.3	1.75459	16.514
394.4	1.75178	16.425
394.5	1.74708	16.403
394.6	1.74433	16.539
394.7	1.74154	16.451
394.8	1.73933	16.459
394.9	1.73650	16.371
395.0	1.73361	16.285
395.1	1.72761	16.435
395.2	1.72479	16.453
395.3	1.72199	16.365
395.4	1.71809	16.360
395.5	1.71693	16.539
395.6	1.71421	16.452
395.7	1.70993	16.451
395.8	1.70820	16.570
395.9	1.70550	16.482
396.0	1.70226	16.443
396.1	1.69976	16.488
396.2	1.69725	16.489
396.3	1.69358	16.464
396.4	1.69093	16.587
396.5	1.68826	16.499
396.6	1.68453	16.476
396.7	1.68220	16.491
396.8	1.67934	16.486
396.9	1.67610	16.442
397.0	1.67308	16.475
397.1	1.66875	16.445
397.2	1.66603	16.357
397.3	1.66135	16.410
397.4	1.65862	16.322
397.5	1.65381	16.472
397.6	1.65112	16.382
397.7	1.64839	16.295
397.8	1.64416	16.357
397.9	1.64146	16.437
398.0	1.63879	16.347
398.1	1.63427	16.440
398.2	1.63069	16.388
398.3	1.62869	16.378
398.4	1.62421	16.398
398.5	1.62287	16.470
398.6	1.62044	16.479
398.7	1.61665	16.465
398.8	1.61363	16.539
398.9	1.61183	16.517
399.0	1.60880	16.475
399.1	1.60625	16.522
399.2	1.60300	16.464
399.3	1.60007	16.507
399.4	1.59760	16.542
399.5	1.59563	16.518
399.6	1.59260	16.476
399.7	1.58929	16.538
399.8	1.58610	16.477
399.9	1.58292	16.511
400.0	1.58065	16.517
400.1	1.57739	16.462
400.2	1.57443	16.462
400.3	1.57098	16.524
400.4	1.56766	16.466
400.5	1.56511	16.379
400.6	1.56208	16.466
400.7	1.55834	16.441
400.8	1.55663	16.498
400.9	1.55413	16.409
401.0	1.55156	16.322
401.1	1.54745	16.423
401.2	1.54491	16.334
401.3	1.54231	16.356
401.4	1.53831	16.372
401.5	1.53661	16.467
401.6	1.53484	16.454
401.7	1.53138	16.436
401.8	1.52950	16.470
401.9	1.52529	16.457
402.0	1.52281	16.371
402.1	1.52052	16.505
402.2	1.51841	16.517
402.3	1.51515	16.490
402.4	1.51315	16.508
402.5	1.51003	16.453
402.6	1.50637	16.417
402.7	1.50450	16.525
402.8	1.50203	16.518
402.9	1.49882	16.467
403.0	1.49639	16.378
403.1	1.49340	16.424
403.2	1.48937	16.418
403.3	1.48692	16.332
403.4	1.48349	16.372
403.5	1.48105	16.284
403.6	1.47728	16.344
403.7	1.47378	16.463
403.8	1.47142	16.373
403.9	1.46899	16.285
404.0	1.46743	16.339
404.1	1.46339	16.317
404.2	1.45975	16.398
404.3	1.45796	16.392
404.4	1.45466	16.386
404.5	1.45342	16.468
404.6	1.45078	16.500
404.7	1.44734	16.461
404.8	1.44531	16.528
404.9	1.44366	16.509
405.0	1.44093	16.471
405.1	1.43852	16.501
405.2	1.43616	16.538
405.3	1.43324	16.475
405.4	1.43103	16.534
405.5	1.42881	16.531
405.6	1.42563	16.508
405.7	1.42346	16.510
405.8	1.42013	16.490
405.9	1.41785	16.402
406.0	1.41537	16.526
406.1	1.41299	16.519
406.2	1.40993	16.463
406.3	1.40765	16.375
406.4	1.40418	16.450
406.5	1.40191	16.363
406.6	1.39823	16.401
406.7	1.39590	16.311
406.8	1.39357	16.223
406.9	1.38952	16.309
407.0	1.38807	16.356
407.1	1.38441	16.449
407.2	1.38216	16.359
407.3	1.37901	16.310
407.4	1.37601	16.359
407.5	1.37411	16.502
407.6	1.37256	16.490
407.7	1.36953	16.470
407.8	1.36741	16.525
407.9	1.36464	16.468
408.0	1.36238	16.507
408.1	1.36073	16.532
408.2	1.35792	16.477
408.3	1.35560	16.516
408.4	1.35359	16.522
408.5	1.35133	16.551
408.6	1.34880	16.506
408.7	1.34671	16.513
408.8	1.34367	16.494
408.9	1.34117	16.522
409.0	1.33922	16.532
409.1	1.33584	16.502
409.2	1.33369	16.413
409.3	1.33149	16.326
409.4	1.32787	16.396
409.5	1.32569	16.307
409.6	1.32289	16.499
409.7	1.31950	16.483
409.8	1.31737	16.394
409.9	1.31519	16.305
410.0	1.31325	16.381
410.1	1.31027	16.328
410.2	1.30752	16.389
410.3	1.30588	16.387
410.4	1.30248	16.402
410.5	1.30166	16.438
410.6	1.29906	16.507
410.7	1.29637	16.449
410.8	1.29445	16.521
410.9	1.29227	16.537
411.0	1.28983	16.496
411.1	1.28851	16.479
411.2	1.28615	16.523
411.3	1.28351	16.465
411.4	1.28071	16.538
411.5	1.27867	16.451
411.6	1.27658	16.362
411.7	1.27327	16.362
411.8	1.27060	16.517
411.9	1.26857	16.429
412.0	1.26572	16.380
412.1	1.26362	16.470
412.2	1.26158	16.382
412.3	1.25895	16.411
412.4	1.25592	16.485
412.5	1.25389	16.397
412.6	1.25042	16.375
412.7	1.24847	16.507
412.8	1.24688	16.516
412.9	1.24488	16.428
413.0	1.24285	16.339
413.1	1.23903	16.420
413.2	1.23634	16.408
413.3	1.23434	16.423
413.4	1.23155	16.418
413.5	1.23079	16.453
413.6	1.22867	16.510
413.7	1.22559	16.513
413.8	1.22441	16.499
413.9	1.22243	16.542
414.0	1.22013	16.503
414.1	1.21817	16.415
414.2	1.21649	16.553
414.3	1.21387	16.527
414.4	1.21194	16.442
414.5	1.21006	16.567
414.6	1.20736	16.546
414.7	1.20600	16.519
414.8	1.20376	16.552
414.9	1.20145	16.508
415.0	1.19953	16.421
415.1	1.19623	16.514
415.2	1.19431	16.426
415.3	1.19235	16.338
415.4	1.18921	16.401
415.5	1.18726	16.313
415.6	1.18441	16.445
415.7	1.18160	16.483
415.8	1.17969	16.395
415.9	1.17775	16.306
416.0	1.17644	16.360
416.1	1.17369	16.312
416.2	1.17075	16.393
416.3	1.16805	16.345
416.4	1.16630	16.350
416.5	1.16364	16.299
416.6	1.16215	16.531
416.7	1.16028	16.444
416.8	1.15756	16.429
416.9	1.15524	16.508
417.0	1.15359	16.530
417.1	1.15174	16.442
417.2	1.14933	16.520
417.3	1.14749	16.432
417.4	1.14538	16.473
417.5	1.14385	16.573
417.6	1.14205	16.484
417.7	1.13986	16.440
417.8	1.13765	16.473
417.9	1.13506	16.449
418.0	1.13280	16.481
418.1	1.13056	16.523
418.2	1.12875	16.434
418.3	1.12664	16.435
418.4	1.12442	16.467
418.5	1.12177	16.440
418.6	1.11981	16.442
418.7	1.11774	16.441
418.8	1.11500	16.420
418.9	1.11380	16.475
419.0	1.11200	16.388
419.1	1.11016	16.299
419.2	1.10729	16.398
419.3	1.10546	16.420
419.4	1.10364	16.332
419.5	1.10077	16.348
419.6	1.10011	16.523
419.7	1.09835	16.435
419.8	1.09590	16.415
419.9	1.09416	16.575
420.0	1.09244	16.488
420.1	1.09038	16.445
420.2	1.08947	16.541
420.3	1.08772	16.454
420.4	1.08504	16.450
420.5	1.08340	16.568
420.6	1.08168	16.481
420.7	1.07960	16.438
420.8	1.07653	16.548
420.9	1.07482	16.460
421.0	1.07309	16.371
421.1	1.07131	16.282
421.2	1.06917	16.400
421.3	1.06632	16.393
421.4	1.06386	16.429
421.5	1.06212	16.340
421.6	1.05994	16.369
421.7	1.05748	16.319
421.8	1.05503	16.432
421.9	1.05330	16.343
422.0	1.05217	16.395
422.1	1.05043	16.306
422.2	1.04704	16.388
422.3	1.04522	16.448
422.4	1.04351	16.362
422.5	1.04115	16.354
422.6	1.03997	16.555
422.7	1.03832	16.467
422.8	1.03554	16.473
422.9	1.03482	16.567
423.0	1.03319	16.478
423.1	1.03123	16.439
423.2	1.02930	16.598
423.3	1.02769	16.510
423.4	1.02536	16.490
423.5	1.02369	16.533
423.6	1.02243	16.507
423.7	1.02012	16.487
423.8	1.01786	16.553
423.9	1.01624	16.465
424.0	1.01464	16.475
424.1	1.01247	16.531
424.2	1.01112	16.499
424.3	1.00896	16.443
424.4	1.00665	16.513
424.5	1.00450	16.455
424.6	1.00266	16.446
424.7	1.00071	16.479
424.8	0.99920	16.446
424.9	0.99791	16.456
425.0	0.99630	16.368
425.1	0.99465	16.280
425.2	0.99161	16.406
425.3	0.98963	16.444
425.4	0.98802	16.356
425.5	0.98575	16.351
425.6	0.98486	16.431
425.7	0.98344	16.438
425.8	0.98122	16.420
425.9	0.97980	16.441
426.0	0.97737	16.438
426.1	0.97573	16.472
426.2	0.97452	16.494
426.3	0.97241	16.443
426.4	0.97049	16.471
426.5	0.96891	16.383
426.6	0.96754	16.513
426.7	0.96571	16.469
426.8	0.96413	16.478
426.9	0.96186	16.462
427.0	0.96006	16.487
427.1	0.95866	16.495
427.2	0.95622	16.465
427.3	0.95468	16.377
427.4	0.95198	16.449
427.5	0.95043	16.361
427.6	0.94849	16.469
427.7	0.94668	16.470
427.8	0.94515	16.382
427.9	0.94273	16.363
428.0	0.94126	16.440
428.1	0.93973	16.353
428.2	0.93718	16.449
428.3	0.93565	16.361
428.4	0.93448	16.358
428.5	0.93202	16.375
428.6	0.93097	16.475
428.7	0.92959	16.483
428.8	0.92741	16.469
428.9	0.92633	16.495
429.0	0.92472	16.518
429.1	0.92300	16.476
429.2	0.92152	16.524
429.3	0.92043	16.502
429.4	0.91804	16.505
429.5	0.91662	16.537
429.6	0.91549	16.512
429.7	0.91374	16.469
429.8	0.91209	16.510
429.9	0.90990	16.474
430.0	0.90816	16.502
430.1	0.90682	16.508
430.2	0.90557	16.479
430.3	0.90328	16.449
430.4	0.90114	16.501
430.5	0.89969	16.414
430.6	0.89821	16.325
430.7	0.89521	16.355
430.8	0.89373	16.266
430.9	0.89144	16.391
431.0	0.88996	16.304
431.1	0.88846	16.215
431.2	0.88675	16.397
431.3	0.88484	16.381
431.4	0.88342	16.394
431.5	0.88142	16.385
431.6	0.88068	16.465
431.7	0.87932	16.480
431.8	0.87706	16.485
431.9	0.87603	16.511
432.0	0.87480	16.510
432.1	0.87301	16.454
432.2	0.87174	16.521
432.3	0.87040	16.525
432.4	0.86853	16.499
432.5	0.86742	16.520
432.6	0.86546	16.479
432.7	0.86405	16.482
432.8	0.86266	16.533
432.9	0.86127	16.527
433.0	0.85962	16.482
433.1	0.85801	16.521
433.2	0.85607	16.478
433.3	0.85418	16.425
433.4	0.85278	16.338
433.5	0.85084	16.379
433.6	0.84943	16.291
433.7	0.84737	16.513
433.8	0.84543	16.464
433.9	0.84406	16.376
434.0	0.84266	16.287
434.1	0.84178	16.341
434.2	0.83982	16.292
434.3	0.83777	16.375
434.4	0.83646	16.390
434.5	0.83455	16.383
434.6	0.83382	16.466
434.7	0.83231	16.493
434.8	0.83058	16.434
434.9	0.82919	16.519
435.0	0.82822	16.500
435.1	0.82663	16.460
435.2	0.82542	16.474
435.3	0.82325	16.479
435.4	0.82192	16.391
435.5	0.81998	16.438
435.6	0.81905	16.541
435.7	0.81750	16.495
435.8	0.81623	16.497
435.9	0.81453	16.441
436.0	0.81262	16.421
436.1	0.81111	16.540
436.2	0.80931	16.494
436.3	0.80800	16.406
436.4	0.80668	16.317
436.5	0.80450	16.385
436.6	0.80290	16.410
436.7	0.80123	16.501
436.8	0.79994	16.413
436.9	0.79791	16.395
437.0	0.79660	16.307
437.1	0.79578	16.359
437.2	0.79371	16.456
437.3	0.79242	16.368
437.4	0.79111	16.389
437.5	0.78900	16.408
437.6	0.78811	16.507
437.7	0.78724	16.494
437.8	0.78550	16.475
437.9	0.78457	16.508
438.0	0.78296	16.552
438.1	0.78150	16.510
438.2	0.78056	16.535
438.3	0.77963	16.517
438.4	0.77770	16.515
438.5	0.77646	16.556
438.6	0.77530	16.549
438.7	0.77384	16.504
438.8	0.77275	16.522
438.9	0.77071	16.506
439.0	0.76949	16.516
439.1	0.76836	16.527
439.2	0.76640	16.496
439.3	0.76517	16.408
439.4	0.76391	16.320
439.5	0.76185	16.387
439.6	0.76059	16.299
439.7	0.75930	16.458
439.8	0.75726	16.449
439.9	0.75603	16.359
440.0	0.75478	16.271
440.1	0.75253	16.260
440.2	0.75126	16.170
440.3	0.74947	16.366
440.4	0.74818	16.421
440.5	0.74649	16.412
440.6	0.74600	16.445
440.7	0.74401	16.453
440.8	0.74286	16.467
440.9	0.74165	16.514
441.0	0.74064	16.532
441.1	0.73910	16.479
441.2	0.73815	16.504
441.3	0.73628	16.505
441.4	0.73511	16.507
441.5	0.73413	16.524
441.6	0.73250	16.504
441.7	0.73127	16.507
441.8	0.73025	16.522
441.9	0.72830	16.524
442.0	0.72714	16.436
442.1	0.72600	16.444
442.2	0.72434	16.508
442.3	0.72300	16.507
442.4	0.72183	16.419
442.5	0.72016	16.490
442.6	0.71900	16.403
442.7	0.71729	16.426
442.8	0.71600	16.513
442.9	0.71510	16.522
443.0	0.71395	16.434
443.1	0.71279	16.345
443.2	0.71062	16.473
443.3	0.70947	16.384
443.4	0.70805	16.425
443.5	0.70646	16.419
443.6	0.70603	16.455
443.7	0.70483	16.510
443.8	0.70328	16.490
443.9	0.70260	16.478
444.0	0.70127	16.537
444.1	0.69995	16.499
444.2	0.69882	16.412
444.3	0.69785	16.543
444.4	0.69634	16.519
444.5	0.69522	16.431
444.6	0.69411	16.554
444.7	0.69279	16.510
444.8	0.69168	16.423
444.9	0.69048	16.438
445.0	0.68936	16.351
445.1	0.68754	16.352
445.2	0.68573	16.521
445.3	0.68463	16.434
445.4	0.68351	16.345
445.5	0.68174	16.385
445.6	0.68061	16.296
445.7	0.67897	16.437
445.8	0.67761	16.442
445.9	0.67650	16.354
446.0	0.67477	16.333
446.1	0.67367	16.413
446.2	0.67256	16.324
446.3	0.67075	16.416
446.4	0.66991	16.412
446.5	0.66809	16.433
446.6	0.66700	16.345
446.7	0.66624	16.542
446.8	0.66518	16.453
446.9	0.66363	16.439
447.0	0.66241	16.514
447.1	0.66149	16.539
447.2	0.66043	16.450
447.3	0.65966	16.563
447.4	0.65861	16.476
447.5	0.65689	16.481
447.6	0.65611	16.578
447.7	0.65507	16.490
447.8	0.65383	16.448
447.9	0.65213	16.542
448.0	0.65109	16.453
448.1	0.64985	16.482
448.2	0.64906	16.547
448.3	0.64803	16.460
448.4	0.64638	16.433
448.5	0.64461	16.525
448.6	0.64358	16.436
448.7	0.64245	16.438
448.8	0.64110	16.467
448.9	0.63973	16.410
449.0	0.63902	16.467
449.1	0.63799	16.378
449.2	0.63693	16.290
449.3	0.63524	16.389
449.4	0.63416	16.410
449.5	0.63312	16.322
449.6	0.63145	16.337
449.7	0.63057	16.452
449.8	0.62973	16.450
449.9	0.62806	16.454
450.0	0.62742	16.563
450.1	0.62643	16.474
450.2	0.62509	16.421
450.3	0.62390	16.515
450.4	0.62315	16.492
450.5	0.62182	16.464
450.6	0.62054	16.532
450.7	0.61955	16.444
450.8	0.61849	16.450
450.9	0.61746	16.579
451.0	0.61648	16.491
451.1	0.61529	16.446
451.2	0.61399	16.394
451.3	0.61265	16.448
451.4	0.61130	16.394
451.5	0.60990	16.434
451.6	0.60890	16.346
451.7	0.60751	16.456
451.8	0.60652	16.368
451.9	0.60496	16.436
452.0	0.60398	16.346
452.1	0.60333	16.399
452.2	0.60235	16.311
452.3	0.60045	16.436
452.4	0.59948	16.453
452.5	0.59850	16.365
452.6	0.59715	16.357
452.7	0.59651	16.559
452.8	0.59556	16.470
452.9	0.59417	16.456
453.0	0.59361	16.567
453.1	0.59267	16.479
453.2	0.59154	16.439
453.3	0.59048	16.592
453.4	0.58955	16.505
453.5	0.58821	16.485
453.6	0.58724	16.523
453.7	0.58652	16.499
453.8	0.58540	16.455
453.9	0.58389	16.543
454.0	0.58296	16.455
454.1	0.58202	16.465
454.2	0.58052	16.542
454.3	0.57960	16.452
454.4	0.57866	16.364
454.5	0.57770	16.276
454.6	0.57632	16.305
454.7	0.57473	16.468
454.8	0.57355	16.474
454.9	0.57262	16.386
455.0	0.57167	16.298
455.1	0.57017	16.282
455.2	0.56958	16.332
455.3	0.56811	16.422
455.4	0.56716	16.442
455.5	0.56624	16.354
455.6	0.56469	16.375
455.7	0.56423	16.551
455.8	0.56333	16.464
455.9	0.56209	16.444
456.0	0.56143	16.476
456.1	0.55995	16.460
456.2	0.55919	16.482
456.3	0.55851	16.506
456.4	0.55785	16.488
456.5	0.55643	16.489
456.6	0.55554	16.532
456.7	0.55472	16.523
456.8	0.55368	16.480
456.9	0.55270	16.523
457.0	0.55140	16.486
457.1	0.55054	16.494
457.2	0.54974	16.503
457.3	0.54836	16.472
457.4	0.54747	16.384
457.5	0.54598	16.454
457.6	0.54510	16.365
457.7	0.54404	16.471
457.8	0.54314	16.473
457.9	0.54187	16.427
458.0	0.54098	16.338
458.1	0.53994	16.438
458.2	0.53907	16.349
458.3	0.53758	16.445
458.4	0.53670	16.358
458.5	0.53603	16.353
458.6	0.53461	16.371
458.7	0.53415	16.451
458.8	0.53321	16.474
458.9	0.53195	16.460
459.0	0.53131	16.487
459.1	0.53055	16.485
459.2	0.52939	16.437
459.3	0.52853	16.349
459.4	0.52720	16.476
459.5	0.52623	16.514
459.6	0.52555	16.525
459.7	0.52445	16.472
459.8	0.52352	16.479
459.9	0.52268	16.392
460.0	0.52139	16.489
460.1	0.52042	16.494
460.2	0.51959	16.405
460.3	0.51845	16.476
460.4	0.51748	16.474
460.5	0.51654	16.512
460.6	0.51541	16.462
460.7	0.51456	16.372
460.8	0.51330	16.400
460.9	0.51239	16.481
461.0	0.51174	16.491
461.1	0.51092	16.402
461.2	0.51008	16.314
461.3	0.50848	16.443
461.4	0.50766	16.356
461.5	0.50662	16.399
461.6	0.50549	16.390
461.7	0.50508	16.472
461.8	0.50432	16.484
461.9	0.50322	16.464
462.0	0.50251	16.514
462.1	0.50180	16.514
462.2	0.50085	16.474
462.3	0.50010	16.521
462.4	0.49934	16.525
462.5	0.49827	16.498
462.6	0.49763	16.518
462.7	0.49670	16.536
462.8	0.49576	16.492
462.9	0.49494	16.527
463.0	0.49413	16.521
463.1	0.49318	16.477
463.2	0.49227	16.511
463.3	0.49102	16.482
463.4	0.49023	16.393
463.5	0.48942	16.306
463.6	0.48812	16.368
463.7	0.48731	16.279
463.8	0.48606	16.491
463.9	0.48527	16.402
464.0	0.48448	16.313
464.1	0.48310	16.307
464.2	0.48195	16.260
464.3	0.48119	16.331
464.4	0.48019	16.383
464.5	0.47958	16.379
464.6	0.47822	16.362
464.7	0.47756	16.501
464.8	0.47686	16.507
464.9	0.47587	16.446
465.0	0.47518	16.517
465.1	0.47403	16.486
465.2	0.47337	16.507
465.3	0.47271	16.513
465.4	0.47206	16.529
465.5	0.47110	16.469
465.6	0.47013	16.540
465.7	0.46946	16.549
465.8	0.46858	16.503
465.9	0.46786	16.506
466.0	0.46660	16.513
466.1	0.46585	16.425
466.2	0.46502	16.548
466.3	0.46439	16.521
466.4	0.46342	16.465
466.5	0.46244	16.409
466.6	0.46118	16.502
466.7	0.46043	16.413
466.8	0.45962	16.505
466.9	0.45866	16.447
467.0	0.45765	16.395
467.1	0.45717	16.449
467.2	0.45642	16.360
467.3	0.45524	16.457
467.4	0.45450	16.369
467.5	0.45375	16.389
467.6	0.45256	16.408
467.7	0.45217	16.488
467.8	0.45155	16.493
467.9	0.45055	16.473
468.0	0.45001	16.504
468.1	0.44924	16.524
468.2	0.44827	16.501
468.3	0.44771	16.526
468.4	0.44717	16.508
468.5	0.44618	16.486
468.6	0.44549	16.524
468.7	0.44440	16.492
468.8	0.44368	16.404
468.9	0.44279	16.428
469.0	0.44206	16.549
469.1	0.44107	16.503
469.2	0.44036	16.416
469.3	0.43964	16.328
469.4	0.43853	16.421
469.5	0.43756	16.365
469.6	0.43656	16.401
469.7	0.43584	16.313
469.8	0.43494	16.342
469.9	0.43406	16.341
470.0	0.43295	16.404
470.1	0.43224	16.316
470.2	0.43179	16.367
470.3	0.43079	16.317
470.4	0.42967	16.404
470.5	0.42895	16.424
470.6	0.42798	16.415
470.7	0.42762	16.497
470.8	0.42681	16.529
470.9	0.42594	16.469
471.0	0.42542	16.498
471.1	0.42474	16.539
471.2	0.42394	16.499
471.3	0.42351	16.486
471.4	0.42249	16.570
471.5	0.42165	16.509
471.6	0.42087	16.462
471.7	0.42017	16.504
471.8	0.41953	16.521
471.9	0.41886	16.435
472.0	0.41780	16.523
472.1	0.41714	16.436
472.2	0.41648	16.443
472.3	0.41557	16.501
472.4	0.41479	16.501
472.5	0.41413	16.413
472.6	0.41313	16.486
472.7	0.41246	16.398
472.8	0.41157	16.424
472.9	0.41077	16.501
473.0	0.41024	16.512
473.1	0.40958	16.423
473.2	0.40891	16.335
473.3	0.40763	16.459
473.4	0.40697	16.371
473.5	0.40583	16.353
473.6	0.40515	16.263
473.7	0.40427	16.310
473.8	0.40393	16.518
473.9	0.40328	16.430
474.0	0.40239	16.408
474.1	0.40174	16.468
474.2	0.40079	16.429
474.3	0.40023	16.450
474.4	0.39990	16.538
474.5	0.39908	16.485
474.6	0.39823	16.457
474.7	0.39763	16.465
474.8	0.39685	16.533
474.9	0.39622	16.445
475.0	0.39549	16.492
475.1	0.39453	16.459
475.2	0.39392	16.465
475.3	0.39298	16.530
475.4	0.39236	16.442
475.5	0.39172	16.354
475.6	0.39064	16.426
475.7	0.39000	16.337
475.8	0.38924	16.444
475.9	0.38831	16.487
476.0	0.38769	16.398
476.1	0.38705	16.310
476.2	0.38627	16.416
476.3	0.38540	16.362
476.4	0.38460	16.422
476.5	0.38413	16.418
476.6	0.38350	16.330
476.7	0.38248	16.348
476.8	0.38211	16.542
476.9	0.38150	16.455
477.0	0.38061	16.440
477.1	0.38023	16.555
477.2	0.37963	16.467
477.3	0.37881	16.446
477.4	0.37835	16.559
477.5	0.37775	16.472
477.6	0.37687	16.454
477.7	0.37632	16.569
477.8	0.37573	16.481
477.9	0.37501	16.437
478.0	0.37402	16.531
478.1	0.37342	16.443
478.2	0.37268	16.454
478.3	0.37208	16.366
478.4	0.37146	16.278
478.5	0.37054	16.364
478.6	0.36952	16.524
478.7	0.36893	16.436
478.8	0.36832	16.346
478.9	0.36739	16.374
479.0	0.36678	16.287
479.1	0.36628	16.459
479.2	0.36568	16.369
479.3	0.36508	16.282
479.4	0.36390	16.411
479.5	0.36313	16.457
479.6	0.36254	16.367
479.7	0.36173	16.358
479.8	0.36127	16.468
479.9	0.36087	16.453
480.0	0.36008	16.433
480.1	0.35961	16.571
480.2	0.35905	16.483
480.3	0.35837	16.444
480.4	0.35768	16.520
480.5	0.35726	16.499
480.6	0.35650	16.473
480.7	0.35580	16.538
480.8	0.35536	16.511
480.9	0.35470	16.468
481.0	0.35409	16.585
481.1	0.35353	16.497
481.2	0.35285	16.454
481.3	0.35187	16.547
481.4	0.35132	16.458
481.5	0.35075	16.371
481.6	0.34981	16.435
481.7	0.34924	16.347
481.8	0.34853	16.458
481.9	0.34757	16.521
482.0	0.34702	16.432
482.1	0.34645	16.344
482.2	0.34608	16.396
482.3	0.34551	16.309
482.4	0.34442	16.430
482.5	0.34386	16.445
482.6	0.34330	16.356
482.7	0.34252	16.350
482.8	0.34223	16.529
482.9	0.34168	16.441
483.0	0.34078	16.443
483.1	0.34028	16.461
483.2	0.33942	16.458
483.3	0.33895	16.475
483.4	0.33820	16.555
483.5	0.33766	16.466
483.6	0.33712	16.379
483.7	0.33653	16.508
483.8	0.33606	16.515
483.9	0.33542	16.469
484.0	0.33482	16.506
484.1	0.33414	16.450
484.2	0.33341	16.398
484.3	0.33281	16.517
484.4	0.33236	16.487
484.5	0.33164	16.436
484.6	0.33110	16.348
484.7	0.33025	16.412
484.8	0.32944	16.472
484.9	0.32871	16.509
485.0	0.32819	16.420
485.1	0.32743	16.372
485.2	0.32689	16.285
485.3	0.32656	16.335
485.4	0.32573	16.430
485.5	0.32519	16.450
485.6	0.32466	16.362
485.7	0.32380	16.381
485.8	0.32353	16.461
485.9	0.32308	16.469
486.0	0.32237	16.449
486.1	0.32195	16.591
486.2	0.32145	16.502
486.3	0.32074	16.482
486.4	0.32036	16.505
486.5	0.31998	16.487
486.6	0.31928	16.465
486.7	0.31879	16.506
486.8	0.31821	16.518
486.9	0.31761	16.474
487.0	0.31717	16.491
487.1	0.31654	16.509
487.2	0.31583	16.484
487.3	0.31536	16.492
487.4	0.31455	16.462
487.5	0.31404	16.375
487.6	0.31328	16.423
487.7	0.31277	16.335
487.8	0.31199	16.390
487.9	0.31147	16.301
488.0	0.31073	16.321
488.1	0.30995	16.378
488.2	0.30961	16.424
488.3	0.30911	16.337
488.4	0.30820	16.320
488.5	0.30756	16.372
488.6	0.30702	16.393
488.7	0.30633	16.384
488.8	0.30606	16.461
488.9	0.30546	16.496
489.0	0.30475	16.480
489.1	0.30429	16.526
489.2	0.30394	16.505
489.3	0.30336	16.465
489.4	0.30277	16.539
489.5	0.30230	16.541
489.6	0.30161	16.519
489.7	0.30124	16.533
489.8	0.30062	16.477
489.9	0.30017	16.494
490.0	0.29961	16.520
490.1	0.29892	16.496
490.2	0.29846	16.505
490.3	0.29798	16.503
490.4	0.29730	16.479
490.5	0.29675	16.478
490.6	0.29621	16.517
490.7	0.29557	16.461
490.8	0.29510	16.372
490.9	0.29440	16.484
491.0	0.29389	16.482
491.1	0.29351	16.491
491.2	0.29304	16.402
491.3	0.29256	16.315
491.4	0.29166	16.442
491.5	0.29119	16.353
491.6	0.29060	16.394
491.7	0.28994	16.386
491.8	0.28969	16.467
491.9	0.28936	16.457
492.0	0.28864	16.457
492.1	0.28829	16.487
492.2	0.28781	16.503
492.3	0.28726	16.464
492.4	0.28689	16.492
492.5	0.28617	16.469
492.6	0.28571	16.381
492.7	0.28523	16.293
492.8	0.28471	16.438
492.9	0.28415	16.501
493.0	0.28375	16.514
493.1	0.28315	16.462
493.2	0.28252	16.415
493.3	0.28205	16.328
493.4	0.28133	16.495
493.5	0.28087	16.408
493.6	0.28041	16.320
493.7	0.27962	16.394
493.8	0.27916	16.305
493.9	0.27858	16.499
494.0	0.27793	16.452
494.1	0.27748	16.364
494.2	0.27702	16.275
494.3	0.27642	16.387
494.4	0.27580	16.333
494.5	0.27523	16.390
494.6	0.27489	16.387
494.7	0.27415	16.407
494.8	0.27391	16.486
494.9	0.27343	16.514
495.0	0.27287	16.454
495.1	0.27248	16.524
495.2	0.27208	16.529
495.3	0.27148	16.510
495.4	0.27111	16.518
495.5	0.27074	16.534
495.6	0.27019	16.474
495.7	0.26970	16.551
495.8	0.26929	16.549
495.9	0.26878	16.504
496.0	0.26836	16.507
496.1	0.26765	16.512
496.2	0.26722	16.423
496.3	0.26675	16.544
496.4	0.26639	16.515
496.5	0.26582	16.462
496.6	0.26538	16.374
496.7	0.26456	16.493
496.8	0.26413	16.404
496.9	0.26365	16.494
497.0	0.26311	16.435
497.1	0.26279	16.497
497.2	0.26237	16.409
497.3	0.26194	16.321
497.4	0.26118	16.304
497.5	0.26054	16.382
497.6	0.25996	16.330
497.7	0.25939	16.415
497.8	0.25916	16.490
497.9	0.25861	16.436
498.0	0.25817	16.485
498.1	0.25775	16.538
498.2	0.25739	16.537
498.3	0.25690	16.495
498.4	0.25654	16.508
498.5	0.25596	16.492
498.6	0.25552	16.527
498.7	0.25525	16.506
498.8	0.25459	16.508
498.9	0.25419	16.422
499.0	0.25392	16.501
499.1	0.25336	16.555
499.2	0.25288	16.510
499.3	0.25245	16.515
499.4	0.25176	16.518
499.5	0.25136	16.430
499.6	0.25095	16.341
499.7	0.25027	16.408
499.8	0.24986	16.320
499.9	0.24941	16.487
500.0	0.24866	16.498
500.1	0.24826	16.409
500.2	0.24785	16.319
500.3	0.24760	16.372
500.4	0.24702	16.322
500.5	0.24641	16.408
500.6	0.24601	16.426
500.7	0.24545	16.418
500.8	0.24530	16.452
500.9	0.24487	16.507
501.0	0.24430	16.468
501.1	0.24384	16.424
501.2	0.24361	16.535
501.3	0.24314	16.495
501.4	0.24275	16.408
501.5	0.24231	16.562
501.6	0.24183	16.500
501.7	0.24150	16.517
501.8	0.24114	16.532
501.9	0.24061	16.509
502.0	0.24033	16.486
502.1	0.23970	16.464
502.2	0.23931	16.376
502.3	0.23867	16.376
502.4	0.23830	16.543
502.5	0.23777	16.499
502.6	0.23738	16.410
502.7	0.23700	16.322
502.8	0.23638	16.387
502.9	0.23580	16.440
503.0	0.23526	16.479
503.1	0.23488	16.391
503.2	0.23449	16.303
503.3	0.23392	16.260
503.4	0.23369	16.308
503.5	0.23309	16.398
503.6	0.23271	16.417
503.7	0.23207	16.440
503.8	0.23169	16.350
503.9	0.23154	16.527
504.0	0.23117	16.439
504.1	0.23067	16.419
504.2	0.23036	16.561
504.3	0.22985	16.544
504.4	0.22948	16.457
504.5	0.22930	16.547
504.6	0.22881	16.525
504.7	0.22844	16.437
504.8	0.22803	16.582
504.9	0.22761	16.537
505.0	0.22724	16.451
505.1	0.22684	16.495
505.2	0.22648	16.486
505.3	0.22596	16.466
505.4	0.22542	16.531
505.5	0.22506	16.443
505.6	0.22470	16.355
505.7	0.22417	16.401
505.8	0.22380	16.313
505.9	0.22329	16.439
506.0	0.22275	16.483
506.1	0.22240	16.394
506.2	0.22203	16.306
506.3	0.22170	16.383
506.4	0.22133	16.295
506.5	0.22064	16.410
506.6	0.22036	16.406
506.7	0.21999	16.318
506.8	0.21948	16.315
506.9	0.21902	16.473
507.0	0.21867	16.385
507.1	0.21817	16.436
507.2	0.21795	16.559
507.3	0.21761	16.471
507.4	0.21719	16.429
507.5	0.21687	16.444
507.6	0.21630	16.447
507.7	0.21591	16.485
507.8	0.21551	16.533
507.9	0.21517	16.446
508.0	0.21484	16.460
508.1	0.21439	16.405
508.2	0.21392	16.463
508.3	0.21359	16.469
508.4	0.21323	16.472
508.5	0.21273	16.452
508.6	0.21233	16.449
508.7	0.21183	16.517
508.8	0.21149	16.430
508.9	0.21103	16.377
509.0	0.21063	16.459
509.1	0.21026	16.456
509.2	0.21000	16.463
509.3	0.20966	16.375
509.4	0.20931	16.287
509.5	0.20866	16.416
509.6	0.20824	16.459
509.7	0.20790	16.371
509.8	0.20743	16.363
509.9	0.20736	16.519
510.0	0.20703	16.431
510.1	0.20651	16.434
510.2	0.20625	16.570
510.3	0.20592	16.483
510.4	0.20553	16.443
510.5	0.20523	16.583
510.6	0.20491	16.494
510.7	0.20447	16.468
510.8	0.20421	16.569
510.9	0.20389	16.481
511.0	0.20344	16.460
511.1	0.20308	16.576
511.2	0.20276	16.489
511.3	0.20237	16.443
511.4	0.20186	16.519
511.5	0.20154	16.430
511.6	0.20121	16.342
511.7	0.20067	16.318
511.8	0.20017	16.365
511.9	0.19980	16.360
512.0	0.19926	16.508
512.1	0.19894	16.421
512.2	0.19862	16.331
512.3	0.19802	16.322
512.4	0.19769	16.233
512.5	0.19730	16.445
512.6	0.19705	16.440
512.7	0.19673	16.352
512.8	0.19618	16.376
512.9	0.19596	16.570
513.0	0.19565	16.483
513.1	0.19520	16.465
513.2	0.19497	16.490
513.3	0.19467	16.497
513.4	0.19424	16.482
513.5	0.19401	16.591
513.6	0.19370	16.503
513.7	0.19326	16.486
513.8	0.19288	16.549
513.9	0.19264	16.522
514.0	0.19228	16.479
514.1	0.19194	16.516
514.2	0.19147	16.487
514.3	0.19115	16.482
514.4	0.19083	16.521
514.5	0.19057	16.492
514.6	0.19016	16.439
514.7	0.18974	16.504
514.8	0.18926	16.473
514.9	0.18893	16.473
515.0	0.18852	16.506
515.1	0.18822	16.418
515.2	0.18801	16.479
515.3	0.18770	16.390
515.4	0.18739	16.302
515.5	0.18683	16.423
515.6	0.18652	16.336
515.7	0.18621	16.356
515.8	0.18578	16.352
515.9	0.18558	16.452
516.0	0.18532	16.458
516.1	0.18490	16.438
516.2	0.18464	16.576
516.3	0.18435	16.489
516.4	0.18400	16.447
516.5	0.18372	16.466
516.6	0.18326	16.466
516.7	0.18294	16.497
516.8	0.18271	16.511
516.9	0.18226	16.479
517.0	0.18197	16.392
517.1	0.18160	16.438
517.2	0.18135	16.522
517.3	0.18100	16.475
517.4	0.18068	16.485
517.5	0.18039	16.398
517.6	0.17990	16.397
517.7	0.17940	16.464
517.8	0.17910	16.375
517.9	0.17873	16.405
518.0	0.17844	16.317
518.1	0.17809	16.400
518.2	0.17764	16.379
518.3	0.17745	16.429
518.4	0.17716	16.342
518.5	0.17659	16.466
518.6	0.17630	16.378
518.7	0.17601	16.398
518.8	0.17562	16.389
518.9	0.17547	16.470
519.0	0.17521	16.479
519.1	0.17479	16.443
519.2	0.17449	16.530
519.3	0.17429	16.512
519.4	0.17397	16.470
519.5	0.17368	16.521
519.6	0.17337	16.543
519.7	0.17302	16.481
519.8	0.17276	16.536
519.9	0.17255	16.512
520.0	0.17216	16.492
520.1	0.17190	16.493
520.2	0.17145	16.493
520.3	0.17117	16.404
520.4	0.17092	16.509
520.5	0.17052	16.470
520.6	0.17020	16.469
520.7	0.16993	16.382
520.8	0.16952	16.454
520.9	0.16924	16.365
521.0	0.16877	16.498
521.1	0.16850	16.409
521.2	0.16822	16.321
521.3	0.16794	16.232
521.4	0.16743	16.242
521.5	0.16711	16.456
521.6	0.16684	16.368
521.7	0.16657	16.385
521.8	0.16620	16.333
521.9	0.16596	16.484
522.0	0.16571	16.496
522.1	0.16534	16.473
522.2	0.16515	16.503
522.3	0.16485	16.529
522.4	0.16451	16.472
522.5	0.16427	16.534
522.6	0.16408	16.516
522.7	0.16372	16.492
522.8	0.16345	16.537
522.9	0.16314	16.556
523.0	0.16284	16.510
523.1	0.16261	16.524
523.2	0.16228	16.470
523.3	0.16195	16.492
523.4	0.16167	16.537
523.5	0.16127	16.504
523.6	0.16101	16.417
523.7	0.16075	16.328
523.8	0.16037	16.373
523.9	0.16011	16.286
524.0	0.15973	16.505
524.1	0.15936	16.459
524.2	0.15910	16.370
524.3	0.15884	16.282
524.4	0.15860	16.362
524.5	0.15824	16.311
524.6	0.15785	16.390
524.7	0.15765	16.386
524.8	0.15729	16.382
524.9	0.15711	16.483
525.0	0.15683	16.510
525.1	0.15651	16.449
525.2	0.15628	16.519
525.3	0.15605	16.521
525.4	0.15576	16.481
525.5	0.15550	16.508
525.6	0.15528	16.523
525.7	0.15496	16.464
525.8	0.15467	16.538
525.9	0.15433	16.493
526.0	0.15408	16.406
526.1	0.15383	16.319
526.2	0.15350	16.344
526.3	0.15314	16.435
526.4	0.15296	16.496
526.5	0.15263	16.444
526.6	0.15226	16.426
526.7	0.15201	16.339
526.8	0.15162	16.485
526.9	0.15137	16.398
527.0	0.15103	16.349
527.1	0.15068	16.383
527.2	0.15051	16.521
527.3	0.15027	16.433
527.4	0.15002	16.345
527.5	0.14964	16.397
527.6	0.14931	16.388
527.7	0.14899	16.432
527.8	0.14866	16.422
527.9	0.14857	16.456
528.0	0.14837	16.490
528.1	0.14799	16.495
528.2	0.14785	16.483
528.3	0.14757	16.544
528.4	0.14729	16.503
528.5	0.14714	16.490
528.6	0.14677	16.495
528.7	0.14652	16.533
528.8	0.14637	16.512
528.9	0.14612	16.547
529.0	0.14579	16.526
529.1	0.14554	16.564
529.2	0.14531	16.556
529.3	0.14503	16.511
529.4	0.14485	16.486
529.5	0.14440	16.519
529.6	0.14417	16.430
529.7	0.14393	16.341
529.8	0.14355	16.405
529.9	0.14331	16.317
530.0	0.14301	16.515
530.1	0.14268	16.470
530.2	0.14245	16.381
530.3	0.14221	16.292
530.4	0.14201	16.364
530.5	0.14168	16.315
530.6	0.14137	16.379
530.7	0.14115	16.392
530.8	0.14082	16.346
530.9	0.14047	16.348
531.0	0.14029	16.448
531.1	0.14002	16.477
531.2	0.13984	16.502
531.3	0.13953	16.485
531.4	0.13930	16.495
531.5	0.13912	16.518
531.6	0.13888	16.555
531.7	0.13860	16.494
531.8	0.13831	16.438
531.9	0.13804	16.517
532.0	0.13783	16.531
532.1	0.13761	16.444
532.2	0.13731	16.513
532.3	0.13708	16.426
532.4	0.13678	16.452
532.5	0.13658	16.548
532.6	0.13629	16.494
532.7	0.13607	16.407
532.8	0.13569	16.507
532.9	0.13547	16.419
533.0	0.13518	16.446
533.1	0.13487	16.484
533.2	0.13466	16.395
533.3	0.13451	16.454
533.4	0.13429	16.365
533.5	0.13388	16.488
533.6	0.13367	16.400
533.7	0.13345	16.420
533.8	0.13314	16.416
533.9	0.13292	16.329
534.0	0.13280	16.525
534.1	0.13259	16.438
534.2	0.13230	16.417
534.3	0.13212	16.559
534.4	0.13191	16.470
534.5	0.13166	16.431
534.6	0.13152	16.541
534.7	0.13131	16.454
534.8	0.13103	16.431
534.9	0.13079	16.571
535.0	0.13058	16.484
535.1	0.13033	16.440
535.2	0.13009	16.561
535.3	0.12988	16.474
535.4	0.12963	16.429
535.5	0.12939	16.445
535.6	0.12918	16.356
535.7	0.12879	16.369
535.8	0.12843	16.435
535.9	0.12822	16.346
536.0	0.12794	16.379
536.1	0.12773	16.290
536.2	0.12742	16.325
536.3	0.12714	16.350
536.4	0.12701	16.398
536.5	0.12680	16.309
536.6	0.12645	16.364
536.7	0.12611	16.380
536.8	0.12595	16.369
536.9	0.12567	16.359
537.0	0.12558	16.533
537.1	0.12538	16.446
537.2	0.12504	16.455
537.3	0.12491	16.568
537.4	0.12471	16.481
537.5	0.12448	16.440
537.6	0.12418	16.542
537.7	0.12404	16.517
537.8	0.12376	16.495
537.9	0.12365	16.571
538.0	0.12346	16.484
538.1	0.12317	16.467
538.2	0.12286	16.557
538.3	0.12266	16.469
538.4	0.12247	16.475
538.5	0.12225	16.511
538.6	0.12200	16.453
538.7	0.12177	16.451
538.8	0.12148	16.520
538.9	0.12129	16.431
539.0	0.12107	16.426
539.1	0.12081	16.455
539.2	0.12060	16.453
539.3	0.12044	16.460
539.4	0.12025	16.372
539.5	0.12005	16.285
539.6	0.11972	16.389
539.7	0.11948	16.430
539.8	0.11929	16.343
539.9	0.11898	16.355
540.0	0.11893	16.511
540.1	0.11874	16.422
540.2	0.11847	16.405
540.3	0.11824	16.489
540.4	0.11805	16.400
540.5	0.11780	16.443
540.6	0.11767	16.567
540.7	0.11748	16.479
540.8	0.11720	16.447
540.9	0.11696	16.533
541.0	0.11677	16.446
541.1	0.11657	16.474
541.2	0.11634	16.525
541.3	0.11615	16.436
541.4	0.11591	16.461
541.5	0.11572	16.373
541.6	0.11542	16.469
541.7	0.11523	16.380
541.8	0.11496	16.427
541.9	0.11477	16.338
542.0	0.11448	16.474
542.1	0.11421	16.514
542.2	0.11403	16.426
542.3	0.11384	16.337
542.4	0.11366	16.419
542.5	0.11347	16.331
542.6	0.11312	16.450
542.7	0.11298	16.446
542.8	0.11279	16.358
542.9	0.11254	16.354
543.0	0.11238	16.573
543.1	0.11221	16.484
543.2	0.11195	16.470
543.3	0.11183	16.587
543.4	0.11165	16.498
543.5	0.11144	16.459
543.6	0.11124	16.524
543.7	0.11110	16.503
543.8	0.11085	16.485
543.9	0.11068	16.520
544.0	0.11050	16.516
544.1	0.11029	16.473
544.2	0.11010	16.511
544.3	0.10986	16.456
544.4	0.10965	16.486
544.5	0.10948	16.570
544.6	0.10931	16.481
544.7	0.10907	16.429
544.8	0.10883	16.492
544.9	0.10859	16.436
545.0	0.10833	16.395
545.1	0.10815	16.306
545.2	0.10788	16.331
545.3	0.10770	16.242
545.4	0.10756	16.404
545.5	0.10739	16.315
545.6	0.10710	16.368
545.7	0.10686	16.355
545.8	0.10663	16.403
545.9	0.10639	16.390
546.0	0.10630	16.466
546.1	0.10618	16.454
546.2	0.10590	16.461
546.3	0.10574	16.515
546.4	0.10559	16.512
546.5	0.10539	16.470
546.6	0.10526	16.497
546.7	0.10501	16.469
546.8	0.10483	16.505
546.9	0.10470	16.521
547.0	0.10454	16.514
547.1	0.10433	16.457
547.2	0.10414	16.503
547.3	0.10395	16.530
547.4	0.10375	16.484
547.5	0.10360	16.497
547.6	0.10330	16.492
547.7	0.10313	16.404
547.8	0.10285	16.471
547.9	0.10269	16.381
548.0	0.10251	16.459
548.1	0.10229	16.489
548.2	0.10203	16.469
548.3	0.10187	16.381
548.4	0.10176	16.432
548.5	0.10159	16.344
548.6	0.10136	16.293
548.7	0.10115	16.358
548.8	0.10099	16.374
548.9	0.10072	16.388
549.0	0.10064	16.467
549.1	0.10048	16.476
549.2	0.10024	16.463
549.3	0.10011	16.506
549.4	0.09997	16.503
549.5	0.09978	16.463
549.6	0.09961	16.513
549.7	0.09946	16.508
549.8	0.09926	16.449
549.9	0.09904	16.398
550.0	0.09882	16.491
550.1	0.09867	16.502
550.2	0.09852	16.502
550.3	0.09829	16.485
550.4	0.09813	16.396
550.5	0.09790	16.425
550.6	0.09776	16.516
550.7	0.09754	16.473
550.8	0.09738	16.384
550.9	0.09722	16.296
551.0	0.09695	16.391
551.1	0.09673	16.503
551.2	0.09651	16.456
551.3	0.09635	16.367
551.4	0.09619	16.280
551.5	0.09609	16.336
551.6	0.09579	16.459
551.7	0.09564	16.370
551.8	0.09548	16.390
551.9	0.09527	16.384
552.0	0.09515	16.491
552.1	0.09501	16.500
552.2	0.09480	16.479
552.3	0.09469	16.511
552.4	0.09452	16.535
552.5	0.09435	16.494
552.6	0.09421	16.538
552.7	0.09410	16.521
552.8	0.09389	16.497
552.9	0.09374	16.539
553.0	0.09357	16.554
553.1	0.09340	16.510
553.2	0.09327	16.524
553.3	0.09305	16.487
553.4	0.09290	16.499
553.5	0.09274	16.532
553.6	0.09250	16.500
553.7	0.09235	16.412
553.8	0.09220	16.324
553.9	0.09198	16.370
554.0	0.09183	16.281
554.1	0.09162	16.495
554.2	0.09140	16.450
554.3	0.09125	16.362
554.4	0.09110	16.273
554.5	0.09096	16.350
554.6	0.09075	16.300
554.7	0.09055	16.323
554.8	0.09027	16.356
554.9	0.09011	16.416
555.0	0.09003	16.490
555.1	0.08989	16.498
555.2	0.08971	16.440
555.3	0.08952	16.517
555.4	0.08940	16.534
555.5	0.08923	16.493
555.6	0.08910	16.502
555.7	0.08887	16.514
555.8	0.08872	16.425
555.9	0.08859	16.562
556.0	0.08848	16.538
556.1	0.08830	16.482
556.2	0.08814	16.524
556.3	0.08790	16.527
556.4	0.08776	16.438
556.5	0.08764	16.541
556.6	0.08746	16.482
556.7	0.08727	16.430
556.8	0.08712	16.425
556.9	0.08691	16.493
557.0	0.08677	16.403
557.1	0.08661	16.402
557.2	0.08642	16.435
557.3	0.08630	16.526
557.4	0.08616	16.437
557.5	0.08602	16.349
557.6	0.08579	16.452
557.7	0.08565	16.365
557.8	0.08548	16.409
557.9	0.08526	16.423
558.0	0.08521	16.456
558.1	0.08509	16.490
558.2	0.08490	16.472
558.3	0.08482	16.463
558.4	0.08464	16.540
558.5	0.08448	16.498
558.6	0.08437	16.526
558.7	0.08425	16.528
558.8	0.08404	16.523
558.9	0.08395	16.502
559.0	0.08380	16.534
559.1	0.08364	16.493
559.2	0.08354	16.472
559.3	0.08331	16.485
559.4	0.08318	16.396
559.5	0.08304	16.310
559.6	0.08284	16.351
559.7	0.08262	16.440
559.8	0.08249	16.352
559.9	0.08232	16.357
560.0	0.08211	16.338
560.1	0.08195	16.362
560.2	0.08175	16.483
560.3	0.08161	16.393
560.4	0.08148	16.305
560.5	0.08134	16.390
560.6	0.08112	16.367
560.7	0.08095	16.420
560.8	0.08085	16.413
560.9	0.08066	16.409
561.0	0.08053	16.321
561.1	0.08041	16.545
561.2	0.08025	16.485
561.3	0.08010	16.441
561.4	0.07997	16.494
561.5	0.07986	16.519
561.6	0.07973	16.433
561.7	0.07962	16.564
561.8	0.07946	16.504
561.9	0.07931	16.458
562.0	0.07915	16.523
562.1	0.07904	16.538
562.2	0.07891	16.450
562.3	0.07873	16.520
562.4	0.07861	16.432
562.5	0.07845	16.465
562.6	0.07833	16.550
562.7	0.07817	16.496
562.8	0.07804	16.408
562.9	0.07782	16.506
563.0	0.07770	16.418
563.1	0.07753	16.443
563.2	0.07736	16.476
563.3	0.07724	16.388
563.4	0.07715	16.448
563.5	0.07702	16.360
563.6	0.07690	16.271
563.7	0.07667	16.391
563.8	0.07654	16.410
563.9	0.07641	16.322
564.0	0.07624	16.319
564.1	0.07610	16.461
564.2	0.07598	16.373
564.3	0.07583	16.431
564.4	0.07573	16.446
564.5	0.07560	16.480
564.6	0.07546	16.437
564.7	0.07533	16.491
564.8	0.07517	16.440
564.9	0.07504	16.471
565.0	0.07495	16.566
565.1	0.07483	16.478
565.2	0.07468	16.425
565.3	0.07454	16.472
565.4	0.07440	16.497
565.5	0.07426	16.451
565.6	0.07409	16.512
565.7	0.07397	16.424
565.8	0.07381	16.372
565.9	0.07360	16.440
566.0	0.07348	16.350
566.1	0.07335	16.431
566.2	0.07319	16.465
566.3	0.07307	16.375
566.4	0.07288	16.354
566.5	0.07281	16.403
566.6	0.07269	16.315
566.7	0.07249	16.415
566.8	0.07237	16.435
566.9	0.07225	16.347
567.0	0.07206	16.362
567.1	0.07201	16.538
567.2	0.07190	16.450
567.3	0.07173	16.438
567.4	0.07164	16.570
567.5	0.07153	16.482
567.6	0.07139	16.441
567.7	0.07128	16.578
567.8	0.07117	16.490
567.9	0.07099	16.489
568.0	0.07092	16.567
568.1	0.07081	16.479
568.2	0.07067	16.437
568.3	0.07047	16.547
568.4	0.07036	16.459
568.5	0.07024	16.466
568.6	0.07013	16.556
568.7	0.07002	16.468
568.8	0.06985	16.432
568.9	0.06973	16.344
569.0	0.06962	16.256
569.1	0.06940	16.369
569.2	0.06919	16.520
569.3	0.06908	16.432
569.4	0.06897	16.342
569.5	0.06885	16.254
569.6	0.06878	16.307
569.7	0.06856	16.428
569.8	0.06845	16.444
569.9	0.06834	16.356
570.0	0.06818	16.307
570.1	0.06806	16.485
570.2	0.06798	16.470
570.3	0.06784	16.447
570.4	0.06771	16.525
570.5	0.06763	16.504
570.6	0.06751	16.462
570.7	0.06743	16.577
570.8	0.06732	16.489
570.9	0.06718	16.465
571.0	0.06702	16.557
571.1	0.06694	16.529
571.2	0.06682	16.483
571.3	0.06667	16.551
571.4	0.06657	16.463
571.5	0.06646	16.475
571.6	0.06628	16.564
571.7	0.06618	16.476
571.8	0.06607	16.388
571.9	0.06592	16.432
572.0	0.06581	16.344
572.1	0.06565	16.476
572.2	0.06554	16.476
572.3	0.06539	16.428
572.4	0.06529	16.340
572.5	0.06518	16.420
572.6	0.06508	16.331
572.7	0.06488	16.447
572.8	0.06480	16.444
572.9	0.06469	16.355
573.0	0.06454	16.351
573.1	0.06445	16.566
573.2	0.06435	16.477
573.3	0.06420	16.461
573.4	0.06412	16.485
573.5	0.06405	16.469
573.6	0.06391	16.446
573.7	0.06380	16.495
573.8	0.06367	16.440
573.9	0.06352	16.401
574.0	0.06343	16.530
574.1	0.06335	16.504
574.2	0.06321	16.454
574.3	0.06311	16.366
574.4	0.06297	16.434
574.5	0.06283	16.499
574.6	0.06273	16.505
574.7	0.06260	16.450
574.8	0.06246	16.402
574.9	0.06236	16.314
575.0	0.06220	16.460
575.1	0.06208	16.462
575.2	0.06198	16.372
575.3	0.06184	16.408
575.4	0.06175	16.495
575.5	0.06165	16.407
575.6	0.06155	16.319
575.7	0.06139	16.420
575.8	0.06129	16.332
575.9	0.06116	16.379
576.0	0.06100	16.395
576.1	0.06095	16.473
576.2	0.06088	16.461
576.3	0.06075	16.444
576.4	0.06066	16.495
576.5	0.06056	16.516
576.6	0.06044	16.475
576.7	0.06037	16.501
576.8	0.06028	16.506
576.9	0.06013	16.502
577.0	0.06005	16.521
577.1	0.05996	16.514
577.2	0.05985	16.471
577.3	0.05975	16.510
577.4	0.05963	16.525
577.5	0.05952	16.480
577.6	0.05943	16.492
577.7	0.05927	16.462
577.8	0.05918	16.375
577.9	0.05900	16.459
578.0	0.05890	16.371
578.1	0.05880	16.456
578.2	0.05868	16.481
578.3	0.05855	16.434
578.4	0.05845	16.346
578.5	0.05831	16.303
578.6	0.05823	16.361
578.7	0.05810	16.311
578.8	0.05794	16.389
578.9	0.05787	16.381
579.0	0.05774	16.335
579.1	0.05765	16.480
579.2	0.05754	16.512
579.3	0.05743	16.452
579.4	0.05734	16.516
579.5	0.05723	16.460
579.6	0.05714	16.485
579.7	0.05704	16.518
579.8	0.05697	16.532
579.9	0.05685	16.470
580.0	0.05675	16.517
580.1	0.05663	16.495
580.2	0.05654	16.509
580.3	0.05645	16.545
580.4	0.05633	16.491
580.5	0.05624	16.403
580.6	0.05613	16.522
580.7	0.05604	16.524
580.8	0.05592	16.470
580.9	0.05583	16.381
581.0	0.05567	16.483
581.1	0.05558	16.395
581.2	0.05546	16.508
581.3	0.05534	16.458
581.4	0.05525	16.369
581.5	0.05519	16.427
581.6	0.05510	16.339
581.7	0.05493	16.461
581.8	0.05485	16.371
581.9	0.05476	16.391
582.0	0.05463	16.386
582.1	0.05458	16.470
582.2	0.05449	16.497
582.3	0.05437	16.474
582.4	0.05431	16.504
582.5	0.05423	16.507
582.6	0.05411	16.486
582.7	0.05404	16.512
582.8	0.05397	16.510
582.9	0.05385	16.486
583.0	0.05378	16.508
583.1	0.05362	16.503
583.2	0.05354	16.415
583.3	0.05345	16.327
583.4	0.05335	16.450
583.5	0.05324	16.510
583.6	0.05316	16.519
583.7	0.05303	16.483
583.8	0.05295	16.395
583.9	0.05283	16.342
584.0	0.05268	16.410
584.1	0.05259	16.322
584.2	0.05249	16.403
584.3	0.05241	16.315
584.4	0.05229	16.350
584.5	0.05216	16.326
584.6	0.05210	16.373
584.7	0.05198	16.321
584.8	0.05187	16.382
584.9	0.05178	16.404
585.0	0.05165	16.423
585.1	0.05160	16.499
585.2	0.05153	16.507
585.3	0.05142	16.448
585.4	0.05135	16.481
585.5	0.05126	16.542
585.6	0.05116	16.501
585.7	0.05109	16.511
585.8	0.05100	16.551
585.9	0.05090	16.491
586.0	0.05080	16.566
586.1	0.05074	16.542
586.2	0.05064	16.499
586.3	0.05059	16.478
586.4	0.05042	16.526
586.5	0.05034	16.439
586.6	0.05027	16.540
586.7	0.05017	16.480
586.8	0.05008	16.478
586.9	0.04997	16.420
587.0	0.04985	16.488
587.1	0.04977	16.399
587.2	0.04966	16.517
587.3	0.04956	16.455
587.4	0.04950	16.516
587.5	0.04942	16.428
587.6	0.04934	16.340
587.7	0.04921	16.442
587.8	0.04913	16.354
587.9	0.04903	16.396
588.0	0.04891	16.354
588.1	0.04883	16.264
588.2	0.04872	16.456
588.3	0.04864	16.501
588.4	0.04859	16.487
588.5	0.04846	16.494
588.6	0.04839	16.406
588.7	0.04830	16.460
588.8	0.04826	16.543
588.9	0.04815	16.519
589.0	0.04810	16.497
589.1	0.04796	16.527
589.2	0.04788	16.439
589.3	0.04783	16.515
589.4	0.04772	16.502
589.5	0.04764	16.414
589.6	0.04757	16.504
589.7	0.04742	16.534
589.8	0.04735	16.446
589.9	0.04727	16.358
590.0	0.04716	16.401
590.1	0.04708	16.313
590.2	0.04698	16.503
590.3	0.04686	16.489
590.4	0.04678	16.401
590.5	0.04670	16.312
590.6	0.04663	16.394
590.7	0.04652	16.342
590.8	0.04641	16.424
590.9	0.04635	16.419
591.0	0.04625	16.415
591.1	0.04617	16.327
591.2	0.04611	16.545
591.3	0.04602	16.485
591.4	0.04596	16.513
591.5	0.04590	16.536
591.6	0.04580	16.516
591.7	0.04575	16.501
591.8	0.04566	16.559
591.9	0.04557	16.499
592.0	0.04548	16.453
592.1	0.04541	16.573
592.2	0.04534	16.485
592.3	0.04525	16.441
592.4	0.04515	16.512
592.5	0.04507	16.423
592.6	0.04499	16.453
592.7	0.04489	16.501
592.8	0.04482	16.411
592.9	0.04475	16.324
593.0	0.04463	16.296
593.1	0.04452	16.431
593.2	0.04443	16.436
593.3	0.04436	16.348
593.4	0.04425	16.384
593.5	0.04418	16.295
593.6	0.04412	16.379
593.7	0.04405	16.289
593.8	0.04393	16.387
593.9	0.04384	16.435
594.0	0.04377	16.347
594.1	0.04365	16.365
594.2	0.04363	16.517
594.3	0.04356	16.429
594.4	0.04347	16.411
594.5	0.04339	16.576
594.6	0.04333	16.488
594.7	0.04324	16.445
594.8	0.04318	16.500
594.9	0.04312	16.479
595.0	0.04302	16.479
595.1	0.04297	16.576
595.2	0.04290	16.488
595.3	0.04282	16.446
595.4	0.04273	16.512
595.5	0.04266	16.503
595.6	0.04258	16.457
595.7	0.04247	16.528
595.8	0.04241	16.438
595.9	0.04234	16.351
596.0	0.04221	16.441
596.1	0.04214	16.351
596.2	0.04207	16.436
596.3	0.04196	16.503
596.4	0.04189	16.415
596.5	0.04182	16.326
596.6	0.04176	16.401
596.7	0.04169	16.311
596.8	0.04157	16.412
596.9	0.04151	16.428
597.0	0.04144	16.340
597.1	0.04133	16.353
597.2	0.04130	16.529
597.3	0.04123	16.441
597.4	0.04113	16.428
597.5	0.04105	16.508
597.6	0.04098	16.421
597.7	0.04091	16.448
597.8	0.04084	16.361
597.9	0.04078	16.499
598.0	0.04069	16.477
598.1	0.04063	16.485
598.2	0.04053	16.466
598.3	0.04047	16.477
598.4	0.04038	16.548
598.5	0.04031	16.461
598.6	0.04025	16.373
598.7	0.04015	16.437
598.8	0.04010	16.493
598.9	0.04002	16.438
599.0	0.03993	16.478
599.1	0.03987	16.390
599.2	0.03977	16.370
599.3	0.03966	16.523
599.4	0.03959	16.433
599.5	0.03953	16.345
599.6	0.03949	16.400
599.7	0.03942	16.313
599.8	0.03930	16.433
599.9	0.03924	16.451
600.0	0.03918	16.364
600.1	0.03909	16.358
600.2	0.03903	16.489
600.3	0.03899	16.474
600.4	0.03890	16.451
600.5	0.03886	16.571
600.6	0.03880	16.484
600.7	0.03872	16.464
600.8	0.03866	16.509
600.9	0.03861	16.490
601.0	0.03853	16.466
601.1	0.03844	16.551
601.2	0.03840	16.525
601.3	0.03832	16.479
601.4	0.03827	16.578
601.5	0.03821	16.488
601.6	0.03812	16.468
601.7	0.03806	16.478
601.8	0.03796	16.468
601.9	0.03789	16.378
602.0	0.03780	16.425
602.1	0.03774	16.335
602.2	0.03764	16.404
602.3	0.03758	16.315
602.4	0.03751	16.227
602.5	0.03742	16.331
602.6	0.03736	16.433
602.7	0.03729	16.346
602.8	0.03719	16.439
602.9	0.03713	16.349
603.0	0.03706	16.375
603.1	0.03696	16.392
603.2	0.03693	16.466
603.3	0.03688	16.472
603.4	0.03679	16.459
603.5	0.03673	16.508
603.6	0.03668	16.513
603.7	0.03661	16.470
603.8	0.03655	16.518
603.9	0.03649	16.522
604.0	0.03640	16.487
604.1	0.03635	16.537
604.2	0.03630	16.512
604.3	0.03624	16.471
604.4	0.03616	16.534
604.5	0.03607	16.502
604.6	0.03601	16.508
604.7	0.03596	16.514
604.8	0.03589	16.457
604.9	0.03582	16.458
605.0	0.03574	16.521
605.1	0.03567	16.465
605.2	0.03560	16.467
605.3	0.03554	16.463
605.4	0.03546	16.439
605.5	0.03542	16.497
605.6	0.03536	16.407
605.7	0.03530	16.319
605.8	0.03521	16.422
605.9	0.03515	16.333
606.0	0.03508	16.377
606.1	0.03499	16.392
606.2	0.03496	16.469
606.3	0.03492	16.458
606.4	0.03484	16.440
606.5	0.03479	16.489
606.6	0.03473	16.507
606.7	0.03466	16.466
606.8	0.03462	16.491
606.9	0.03457	16.494
607.0	0.03449	16.470
607.1	0.03444	16.488
607.2	0.03438	16.400
607.3	0.03428	16.414
607.4	0.03424	16.520
607.5	0.03416	16.475
607.6	0.03411	16.387
607.7	0.03402	16.449
607.8	0.03397	16.361
607.9	0.03389	16.414
608.0	0.03384	16.327
608.1	0.03376	16.367
608.2	0.03370	16.280
608.3	0.03361	16.338
608.4	0.03353	16.457
608.5	0.03348	16.368
608.6	0.03342	16.280
608.7	0.03337	16.364
608.8	0.03329	16.312
608.9	0.03321	16.395
609.0	0.03317	16.388
609.1	0.03309	16.384
609.2	0.03307	16.465
609.3	0.03299	16.519
609.4	0.03293	16.457
609.5	0.03288	16.525
609.6	0.03284	16.508
609.7	0.03277	16.491
609.8	0.03272	16.500
609.9	0.03267	16.535
610.0	0.03260	16.475
610.1	0.03255	16.533
610.2	0.03248	16.495
610.3	0.03243	16.509
610.4	0.03238	16.510
610.5	0.03231	16.490
610.6	0.03225	16.402
610.7	0.03219	16.550
610.8	0.03214	16.519
610.9	0.03207	16.465
611.0	0.03202	16.378
611.1	0.03193	16.476
611.2	0.03188	16.388
611.3	0.03181	16.499
611.4	0.03176	16.467
611.5	0.03172	16.478
611.6	0.03167	16.391
611.7	0.03162	16.301
611.8	0.03152	16.426
611.9	0.03147	16.338
612.0	0.03139	16.406
612.1	0.03132	16.352
612.2	0.03127	16.495
612.3	0.03124	16.481
612.4	0.03116	16.446
612.5	0.03112	16.516
612.6	0.03106	16.541
612.7	0.03100	16.498
612.8	0.03096	16.522
612.9	0.03090	16.467
613.0	0.03084	16.495
613.1	0.03079	16.549
613.2	0.03075	16.541
613.3	0.03069	16.498
613.4	0.03062	16.442
613.5	0.03057	16.486
613.6	0.03051	16.516
613.7	0.03047	16.525
613.8	0.03039	16.496
613.9	0.03034	16.408
614.0	0.03029	16.321
614.1	0.03020	16.414
614.2	0.03015	16.326
614.3	0.03009	16.493
614.4	0.03001	16.477
614.5	0.02997	16.389
614.6	0.02992	16.300
614.7	0.02987	16.376
614.8	0.02981	16.324
614.9	0.02974	16.388
615.0	0.02969	16.407
615.1	0.02962	16.424
615.2	0.02959	16.499
615.3	0.02955	16.509
615.4	0.02948	16.450
615.5	0.02943	16.540
615.6	0.02939	16.540
615.7	0.02934	16.498
615.8	0.02931	16.483
615.9	0.02925	16.546
616.0	0.02919	16.486
616.1	0.02915	16.505
616.2	0.02910	16.535
616.3	0.02904	16.492
616.4	0.02900	16.497
616.5	0.02891	16.509
616.6	0.02887	16.421
616.7	0.02882	16.332
616.8	0.02875	16.381
616.9	0.02869	16.497
617.0	0.02864	16.408
617.1	0.02858	16.449
617.2	0.02853	16.361
617.3	0.02846	16.345
617.4	0.02838	16.497
617.5	0.02833	16.408
617.6	0.02829	16.320
617.7	0.02824	16.231
617.8	0.02818	16.372
617.9	0.02812	16.404
618.0	0.02808	16.421
618.1	0.02801	16.415
618.2	0.02800	16.451
618.3	0.02792	16.462
618.4	0.02788	16.511
618.5	0.02783	16.424
618.6	0.02780	16.540
618.7	0.02774	16.525
618.8	0.02772	16.508
618.9	0.02767	16.551
619.0	0.02761	16.528
619.1	0.02756	16.440
619.2	0.02750	16.531
619.3	0.02746	16.545
619.4	0.02742	16.457
619.5	0.02738	16.554
619.6	0.02732	16.494
619.7	0.02727	16.446
619.8	0.02720	16.535
619.9	0.02715	16.446
620.0	0.02711	16.359
620.1	0.02705	16.403
620.2	0.02700	16.315
620.3	0.02695	16.501
620.4	0.02688	16.486
620.5	0.02683	16.399
620.6	0.02679	16.309
620.7	0.02676	16.365
620.8	0.02670	16.316
620.9	0.02663	16.398
621.0	0.02659	16.411
621.1	0.02653	16.406
621.2	0.02648	16.316
621.3	0.02645	16.514
621.4	0.02640	16.455
621.5	0.02634	16.400
621.6	0.02629	16.503
621.7	0.02626	16.479
621.8	0.02621	16.436
621.9	0.02615	16.512
622.0	0.02611	16.425
622.1	0.02606	16.455
622.2	0.02603	16.563
622.3	0.02598	16.520
622.4	0.02594	16.433
622.5	0.02587	16.531
622.6	0.02582	16.441
622.7	0.02577	16.474
622.8	0.02572	16.516
622.9	0.02568	16.427
623.0	0.02563	16.431
623.1	0.02556	16.523
623.2	0.02552	16.433
623.3	0.02547	16.436
623.4	0.02543	16.435
623.5	0.02536	16.413
623.6	0.02534	16.470
623.7	0.02530	16.382
623.8	0.02525	16.294
623.9	0.02519	16.393
624.0	0.02514	16.441
624.1	0.02509	16.351
624.2	0.02503	16.369
624.3	0.02502	16.521
624.4	0.02498	16.433
624.5	0.02492	16.415
624.6	0.02489	16.576
624.7	0.02485	16.487
624.8	0.02480	16.446
624.9	0.02477	16.564
625.0	0.02473	16.478
625.1	0.02468	16.453
625.2	0.02464	16.571
625.3	0.02460	16.483
625.4	0.02456	16.442
625.5	0.02450	16.583
625.6	0.02447	16.494
625.7	0.02442	16.447
625.8	0.02436	16.519
625.9	0.02432	16.431
626.0	0.02428	16.342
626.1	0.02421	16.409
626.2	0.02417	16.321
626.3	0.02413	16.321
626.4	0.02406	16.314
626.5	0.02400	16.427
626.6	0.02397	16.337
626.7	0.02391	16.294
626.8	0.02388	16.335
626.9	0.02381	16.341
627.0	0.02378	16.444
627.1	0.02374	16.357
627.2	0.02368	16.349
627.3	0.02363	16.509
627.4	0.02361	16.490
627.5	0.02355	16.470
627.6	0.02354	16.563
627.7	0.02350	16.475
627.8	0.02345	16.461
627.9	0.02341	16.593
628.0	0.02337	16.506
628.1	0.02332	16.486
628.2	0.02328	16.527
628.3	0.02323	16.470
628.4	0.02320	16.484
628.5	0.02315	16.552
628.6	0.02311	16.462
628.7	0.02307	16.498
628.8	0.02303	16.495
628.9	0.02299	16.497
629.0	0.02295	16.442
629.1	0.02289	16.512
629.2	0.02284	16.454
629.3	0.02279	16.481
629.4	0.02276	16.535
629.5	0.02272	16.448
629.6	0.02269	16.458
629.7	0.02266	16.370
629.8	0.02262	16.283
629.9	0.02254	16.429
630.0	0.02251	16.446
630.1	0.02247	16.358
630.2	0.02242	16.354
630.3	0.02240	16.531
630.4	0.02237	16.443
630.5	0.02231	16.440
630.6	0.02228	16.470
630.7	0.02225	16.472
630.8	0.02221	16.432
630.9	0.02216	16.514
631.0	0.02213	16.427
631.1	0.02208	16.470
631.2	0.02204	16.382
631.3	0.02201	16.509
631.4	0.02196	16.463
631.5	0.02193	16.373
631.6	0.02188	16.457
631.7	0.02184	16.483
631.8	0.02179	16.549
631.9	0.02175	16.460
632.0	0.02172	16.373
632.1	0.02166	16.404
632.2	0.02161	16.384
632.3	0.02157	16.463
632.4	0.02153	16.413
632.5	0.02149	16.325
632.6	0.02144	16.359
632.7	0.02141	16.437
632.8	0.02137	16.349
632.9	0.02132	16.446
633.0	0.02128	16.356
633.1	0.02124	16.379
633.2	0.02119	16.398
633.3	0.02117	16.474
633.4	0.02114	16.481
633.5	0.02109	16.469
633.6	0.02106	16.515
633.7	0.02103	16.517
633.8	0.02099	16.476
633.9	0.02096	16.524
634.0	0.02092	16.526
634.1	0.02088	16.506
634.2	0.02085	16.539
634.3	0.02082	16.514
634.4	0.02078	16.473
634.5	0.02074	16.533
634.6	0.02069	16.499
634.7	0.02065	16.412
634.8	0.02062	16.511
634.9	0.02059	16.508
635.0	0.02054	16.453
635.1	0.02050	16.514
635.2	0.02045	16.458
635.3	0.02042	16.368
635.4	0.02038	16.463
635.5	0.02032	16.455
635.6	0.02029	16.368
635.7	0.02026	16.278
635.8	0.02022	16.191
635.9	0.02017	16.325
636.0	0.02013	16.378
636.1	0.02010	16.391
636.2	0.02005	16.382
636.3	0.02004	16.461
636.4	0.01998	16.435
636.5	0.01995	16.479
636.6	0.01993	16.506
636.7	0.01990	16.505
636.8	0.01986	16.448
636.9	0.01983	16.504
637.0	0.01980	16.519
637.1	0.01976	16.493
637.2	0.01973	16.513
637.3	0.01968	16.505
637.4	0.01965	16.417
637.5	0.01962	16.527
637.6	0.01959	16.522
637.7	0.01955	16.466
637.8	0.01951	16.510
637.9	0.01946	16.509
638.0	0.01943	16.420
638.1	0.01938	16.463
638.2	0.01935	16.375
638.3	0.01932	16.287
638.4	0.01927	16.510
638.5	0.01923	16.462
638.6	0.01920	16.373
638.7	0.01916	16.286
638.8	0.01914	16.340
638.9	0.01910	16.291
639.0	0.01905	16.396
639.1	0.01902	16.389
639.2	0.01898	16.384
639.3	0.01896	16.465
639.4	0.01893	16.495
639.5	0.01889	16.435
639.6	0.01886	16.521
639.7	0.01883	16.503
639.8	0.01880	16.463
639.9	0.01877	16.492
640.0	0.01874	16.526
640.1	0.01870	16.466
640.2	0.01867	16.524
640.3	0.01864	16.518
640.4	0.01860	16.476
640.5	0.01857	16.388
640.6	0.01854	16.301
640.7	0.01849	16.418
640.8	0.01845	16.536
640.9	0.01841	16.490
641.0	0.01838	16.401
641.1	0.01835	16.313
641.2	0.01831	16.320
641.3	0.01826	16.404
641.4	0.01823	16.411
641.5	0.01820	16.323
641.6	0.01815	16.388
641.7	0.01813	16.441
641.8	0.01810	16.354
641.9	0.01805	16.451
642.0	0.01802	16.363
642.1	0.01798	16.412
642.2	0.01794	16.430
642.3	0.01792	16.504
642.4	0.01790	16.492
642.5	0.01786	16.474
642.6	0.01784	16.529
642.7	0.01780	16.550
642.8	0.01777	16.509
642.9	0.01775	16.534
643.0	0.01771	16.476
643.1	0.01768	16.517
643.2	0.01766	16.556
643.3	0.01763	16.549
643.4	0.01760	16.505
643.5	0.01757	16.546
643.6	0.01753	16.487
643.7	0.01750	16.517
643.8	0.01747	16.528
643.9	0.01743	16.499
644.0	0.01740	16.410
644.1	0.01737	16.322
644.2	0.01733	16.389
644.3	0.01730	16.302
644.4	0.01727	16.462
644.5	0.01722	16.473
644.6	0.01719	16.384
644.7	0.01716	16.296
644.8	0.01713	16.369
644.9	0.01710	16.318
645.0	0.01706	16.380
645.1	0.01704	16.377
645.2	0.01699	16.391
645.3	0.01698	16.426
645.4	0.01692	16.482
645.5	0.01689	16.395
645.6	0.01687	16.546
645.7	0.01685	16.526
645.8	0.01682	16.471
645.9	0.01680	16.497
646.0	0.01676	16.439
646.1	0.01673	16.497
646.2	0.01670	16.515
646.3	0.01667	16.494
646.4	0.01663	16.441
646.5	0.01661	16.513
646.6	0.01657	16.515
646.7	0.01654	16.428
646.8	0.01651	16.428
646.9	0.01648	16.466
647.0	0.01645	16.499
647.1	0.01642	16.410
647.2	0.01638	16.483
647.3	0.01635	16.425
647.4	0.01631	16.370
647.5	0.01628	16.505
647.6	0.01626	16.516
647.7	0.01624	16.428
647.8	0.01621	16.341
647.9	0.01616	16.415
648.0	0.01613	16.404
648.1	0.01610	16.420
648.2	0.01607	16.416
648.3	0.01606	16.452
648.4	0.01603	16.507
648.5	0.01599	16.507
648.6	0.01597	16.494
648.7	0.01595	16.537
648.8	0.01592	16.499
648.9	0.01589	16.411
649.0	0.01587	16.544
649.1	0.01584	16.520
649.2	0.01581	16.433
649.3	0.01579	16.556
649.4	0.01575	16.532
649.5	0.01573	16.445
649.6	0.01570	16.541
649.7	0.01568	16.454
649.8	0.01565	16.410
649.9	0.01560	16.503
650.0	0.01558	16.414
650.1	0.01555	16.326
650.2	0.01551	16.380
650.3	0.01547	16.357
650.4	0.01544	16.442
650.5	0.01541	16.352
650.6	0.01539	16.265
650.7	0.01535	16.328
650.8	0.01532	16.406
650.9	0.01530	16.316
651.0	0.01526	16.409
651.1	0.01522	16.357
651.2	0.01519	16.382
651.3	0.01516	16.367
651.4	0.01515	16.535
651.5	0.01513	16.448
651.6	0.01509	16.434
651.7	0.01506	16.509
651.8	0.01505	16.487
651.9	0.01502	16.446
652.0	0.01499	16.522
652.1	0.01497	16.498
652.2	0.01494	16.477
652.3	0.01492	16.575
652.4	0.01489	16.487
652.5	0.01487	16.444
652.6	0.01483	16.535
652.7	0.01480	16.476
652.8	0.01478	16.481
652.9	0.01475	16.519
653.0	0.01472	16.431
653.1	0.01470	16.432
653.2	0.01466	16.526
653.3	0.01463	16.437
653.4	0.01461	16.439
653.5	0.01458	16.434
653.6	0.01455	16.411
653.7	0.01453	16.467
653.8	0.01451	16.380
653.9	0.01448	16.291
654.0	0.01444	16.392
654.1	0.01442	16.413
654.2	0.01440	16.326
654.3	0.01436	16.340
654.4	0.01435	16.513
654.5	0.01433	16.426
654.6	0.01429	16.407
654.7	0.01428	16.543
654.8	0.01425	16.456
654.9	0.01422	16.404
655.0	0.01419	16.474
655.1	0.01418	16.486
655.2	0.01414	16.458
655.3	0.01412	16.510
655.4	0.01410	16.422
655.5	0.01406	16.387
655.6	0.01404	16.574
655.7	0.01402	16.486
655.8	0.01399	16.434
655.9	0.01396	16.480
656.0	0.01394	16.391
656.1	0.01390	16.388
656.2	0.01387	16.428
656.3	0.01385	16.339
656.4	0.01381	16.402
656.5	0.01378	16.520
656.6	0.01376	16.430
656.7	0.01373	16.341
656.8	0.01372	16.396
656.9	0.01370	16.308
657.0	0.01365	16.456
657.1	0.01363	16.449
657.2	0.01361	16.361
657.3	0.01358	16.355
657.4	0.01356	16.555
657.5	0.01354	16.468
657.6	0.01351	16.472
657.7	0.01350	16.567
657.8	0.01348	16.478
657.9	0.01345	16.440
658.0	0.01343	16.594
658.1	0.01341	16.505
658.2	0.01337	16.486
658.3	0.01336	16.587
658.4	0.01334	16.500
658.5	0.01331	16.478
658.6	0.01328	16.547
658.7	0.01326	16.457
658.8	0.01323	16.467
658.9	0.01321	16.575
659.0	0.01319	16.488
659.1	0.01316	16.433
659.2	0.01313	16.507
659.3	0.01311	16.420
659.4	0.01307	16.458
659.5	0.01305	16.369
659.6	0.01303	16.282
659.7	0.01301	16.192
659.8	0.01297	16.279
659.9	0.01296	16.327
660.0	0.01292	16.419
660.1	0.01289	16.390
660.2	0.01287	16.381
660.3	0.01284	16.328
660.4	0.01283	16.546
660.5	0.01281	16.458
660.6	0.01278	16.438
660.7	0.01275	16.542
660.8	0.01274	16.520
660.9	0.01272	16.476
661.0	0.01270	16.500
661.1	0.01267	16.446
661.2	0.01265	16.486
661.3	0.01263	16.527
661.4	0.01261	16.519
661.5	0.01259	16.475
661.6	0.01257	16.482
661.7	0.01254	16.463
661.8	0.01252	16.492
661.9	0.01250	16.501
662.0	0.01247	16.470
662.1	0.01245	16.383
662.2	0.01241	16.453
662.3	0.01239	16.364
662.4	0.01237	16.470
662.5	0.01235	16.468
662.6	0.01232	16.451
662.7	0.01230	16.363
662.8	0.01228	16.439
662.9	0.01226	16.350
663.0	0.01222	16.447
663.1	0.01220	16.358
663.2	0.01219	16.356
663.3	0.01216	16.372
663.4	0.01215	16.453
663.5	0.01212	16.477
663.6	0.01210	16.463
663.7	0.01208	16.490
663.8	0.01206	16.490
663.9	0.01204	16.466
664.0	0.01202	16.513
664.1	0.01200	16.492
664.2	0.01197	16.493
664.3	0.01196	16.508
664.4	0.01193	16.455
664.5	0.01190	16.419
664.6	0.01189	16.509
664.7	0.01186	16.486
664.8	0.01184	16.489
664.9	0.01182	16.401
665.0	0.01179	16.439
665.1	0.01177	16.469
665.2	0.01175	16.506
665.3	0.01172	16.455
665.4	0.01170	16.366
665.5	0.01167	16.345
665.6	0.01165	16.476
665.7	0.01164	16.484
665.8	0.01162	16.397
665.9	0.01160	16.307
666.0	0.01156	16.390
666.1	0.01154	16.377
666.2	0.01152	16.391
666.3	0.01149	16.386
666.4	0.01148	16.467
666.5	0.01147	16.479
666.6	0.01144	16.482
666.7	0.01143	16.511
666.8	0.01141	16.510
666.9	0.01139	16.471
667.0	0.01137	16.519
667.1	0.01135	16.522
667.2	0.01133	16.497
667.3	0.01131	16.518
667.4	0.01129	16.536
667.5	0.01127	16.514
667.6	0.01125	16.528
667.7	0.01123	16.522
667.8	0.01121	16.477
667.9	0.01119	16.514
668.0	0.01116	16.483
668.1	0.01115	16.396
668.2	0.01113	16.306
668.3	0.01110	16.370
668.4	0.01108	16.282
668.5	0.01105	16.500
668.6	0.01103	16.452
668.7	0.01101	16.364
668.8	0.01099	16.275
668.9	0.01098	16.330
669.0	0.01095	16.281
669.1	0.01093	16.363
669.2	0.01090	16.315
669.3	0.01088	16.358
669.4	0.01086	16.496
669.5	0.01085	16.501
669.6	0.01082	16.441
669.7	0.01081	16.498
669.8	0.01078	16.477
669.9	0.01077	16.498
670.0	0.01075	16.506
670.1	0.01073	16.490
670.2	0.01071	16.401
670.3	0.01069	16.532
670.4	0.01068	16.541
670.5	0.01066	16.498
670.6	0.01064	16.501
670.7	0.01061	16.508
670.8	0.01059	16.447
670.9	0.01057	16.544
671.0	0.01055	16.492
671.1	0.01053	16.404
671.2	0.01051	16.403
671.3	0.01049	16.498
671.4	0.01047	16.409
671.5	0.01045	16.500
671.6	0.01043	16.411
671.7	0.01041	16.390
671.8	0.01039	16.445
671.9	0.01038	16.357
672.0	0.01035	16.454
672.1	0.01033	16.367
672.2	0.01032	16.389
672.3	0.01029	16.406
672.4	0.01028	16.504
672.5	0.01027	16.492
672.6	0.01024	16.473
672.7	0.01023	16.505
672.8	0.01021	16.545
672.9	0.01019	16.504
673.0	0.01018	16.528
673.1	0.01017	16.510
673.2	0.01014	16.507
673.3	0.01013	16.487
673.4	0.01011	16.539
673.5	0.01009	16.496
673.6	0.01008	16.473
673.7	0.01006	16.529
673.8	0.01003	16.483
673.9	0.01002	16.396
674.0	0.01000	16.308
674.1	0.00998	16.370
674.2	0.00995	16.362
674.3	0.00993	16.398
674.4	0.00991	16.309
674.5	0.00989	16.377
674.6	0.00987	16.289
674.7	0.00985	16.401
674.8	0.00983	16.311
674.9	0.00982	16.363
675.0	0.00979	16.344
675.1	0.00977	16.357
675.2	0.00975	16.418
675.3	0.00973	16.410
675.4	0.00973	16.446
675.5	0.00971	16.524
675.6	0.00968	16.489
675.7	0.00967	16.514
675.8	0.00966	16.535
675.9	0.00964	16.496
676.0	0.00963	16.482
676.1	0.00961	16.566
676.2	0.00959	16.505
676.3	0.00957	16.525
676.4	0.00955	16.500
676.5	0.00954	16.503
676.6	0.00952	16.456
676.7	0.00950	16.522
676.8	0.00948	16.434
676.9	0.00947	16.443
677.0	0.00945	16.500
677.1	0.00943	16.500
677.2	0.00942	16.413
677.3	0.00939	16.482
677.4	0.00937	16.424
677.5	0.00936	16.503
677.6	0.00934	16.503
677.7	0.00933	16.513
677.8	0.00931	16.424
677.9	0.00930	16.337
678.0	0.00927	16.464
678.1	0.00925	16.374
678.2	0.00924	16.414
678.3	0.00921	16.407
678.4	0.00920	16.320
678.5	0.00919	16.497
678.6	0.00917	16.476
678.7	0.00916	16.465
678.8	0.00914	16.495
678.9	0.00912	16.408
679.0	0.00911	16.443
679.1	0.00909	16.502
679.2	0.00907	16.413
679.3	0.00906	16.449
679.4	0.00904	16.570
679.5	0.00903	16.526
679.6	0.00902	16.503
679.7	0.00900	16.449
679.8	0.00898	16.432
679.9	0.00896	16.459
680.0	0.00894	16.523
680.1	0.00892	16.434
680.2	0.00891	16.346
680.3	0.00888	16.420
680.4	0.00887	16.331
680.5	0.00885	16.437
680.6	0.00883	16.439
680.7	0.00881	16.421
680.8	0.00880	16.332
680.9	0.00878	16.410
681.0	0.00877	16.323
681.1	0.00875	16.418
681.2	0.00873	16.414
681.3	0.00872	16.326
681.4	0.00870	16.345
681.5	0.00869	16.539
681.6	0.00867	16.452
681.7	0.00865	16.438
681.8	0.00864	16.575
681.9	0.00863	16.487
682.0	0.00861	16.445
682.1	0.00860	16.559
682.2	0.00859	16.471
682.3	0.00857	16.473
682.4	0.00856	16.569
682.5	0.00854	16.482
682.6	0.00853	16.439
682.7	0.00850	16.533
682.8	0.00849	16.443
682.9	0.00847	16.470
683.0	0.00846	16.537
683.1	0.00845	16.448
683.2	0.00843	16.418
683.3	0.00841	16.502
683.4	0.00839	16.414
683.5	0.00838	16.325
683.6	0.00835	16.325
683.7	0.00834	16.447
683.8	0.00833	16.453
683.9	0.00832	16.365
684.0	0.00830	16.278
684.1	0.00828	16.364
684.2	0.00826	16.450
684.3	0.00824	16.360
684.4	0.00823	16.351
684.5	0.00822	16.462
684.6	0.00821	16.446
684.7	0.00819	16.451
684.8	0.00818	16.565
684.9	0.00816	16.476
685.0	0.00815	16.437
685.1	0.00813	16.516
685.2	0.00812	16.494
685.3	0.00811	16.468
685.4	0.00809	16.535
685.5	0.00808	16.508
685.6	0.00806	16.450
685.7	0.00805	16.583
685.8	0.00804	16.496
685.9	0.00802	16.451
686.0	0.00800	16.546
686.1	0.00799	16.457
686.2	0.00797	16.369
686.3	0.00795	16.434
686.4	0.00794	16.346
686.5	0.00792	16.450
686.6	0.00790	16.521
686.7	0.00789	16.432
686.8	0.00788	16.343
686.9	0.00787	16.397
687.0	0.00785	16.310
687.1	0.00783	16.432
687.2	0.00782	16.445
687.3	0.00781	16.358
687.4	0.00779	16.352
687.5	0.00778	16.549
687.6	0.00777	16.462
687.7	0.00775	16.448
687.8	0.00774	16.557
687.9	0.00773	16.468
688.0	0.00771	16.430
688.1	0.00769	16.537
688.2	0.00768	16.448
688.3	0.00767	16.360
688.4	0.00765	16.445
688.5	0.00764	16.511
688.6	0.00763	16.465
688.7	0.00761	16.499
688.8	0.00760	16.411
688.9	0.00758	16.392
689.0	0.00756	16.552
689.1	0.00755	16.463
689.2	0.00754	16.376
689.3	0.00752	16.494
689.4	0.00751	16.407
689.5	0.00749	16.466
689.6	0.00748	16.470
689.7	0.00746	16.383
689.8	0.00745	16.366
689.9	0.00744	16.417
690.0	0.00743	16.328
690.1	0.00741	16.423
690.2	0.00739	16.336
690.3	0.00738	16.357
690.4	0.00736	16.377
690.5	0.00736	16.552
690.6	0.00735	16.465
690.7	0.00733	16.445
690.8	0.00731	16.543
690.9	0.00731	16.522
691.0	0.00729	16.479
691.1	0.00728	16.504
691.2	0.00727	16.486
691.3	0.00726	16.486
691.4	0.00724	16.526
691.5	0.00723	16.518
691.6	0.00722	16.473
691.7	0.00721	16.492
691.8	0.00719	16.476
691.9	0.00718	16.486
692.0	0.00717	16.495
692.1	0.00715	16.466
692.2	0.00714	16.379
692.3	0.00712	16.446
692.4	0.00711	16.357
692.5	0.00709	16.461
692.6	0.00708	16.462
692.7	0.00707	16.417
692.8	0.00705	16.330
692.9	0.00704	16.403
693.0	0.00703	16.316
693.1	0.00702	16.270
693.2	0.00699	16.333
693.3	0.00698	16.388
693.4	0.00697	16.377
693.5	0.00696	16.454
693.6	0.00695	16.490
693.7	0.00693	16.433
693.8	0.00692	16.518
693.9	0.00691	16.499
694.0	0.00690	16.459
694.1	0.00689	16.496
694.2	0.00687	16.535
694.3	0.00686	16.514
694.4	0.00685	16.527
694.5	0.00684	16.471
694.6	0.00682	16.476
694.7	0.00681	16.549
694.8	0.00680	16.491
694.9	0.00679	16.500
695.0	0.00677	16.499
695.1	0.00676	16.474
695.2	0.00675	16.475
695.3	0.00674	16.386
695.4	0.00672	16.459
695.5	0.00670	16.484
695.6	0.00669	16.395
695.7	0.00668	16.481
695.8	0.00667	16.490
695.9	0.00666	16.402
696.0	0.00665	16.313
696.1	0.00663	16.442
696.2	0.00662	16.353
696.3	0.00661	16.394
696.4	0.00659	16.388
696.5	0.00659	16.469
696.6	0.00658	16.478
696.7	0.00656	16.458
696.8	0.00655	16.506
696.9	0.00654	16.507
697.0	0.00653	16.467
697.1	0.00652	16.512
697.2	0.00651	16.514
697.3	0.00650	16.488
697.4	0.00649	16.509
697.5	0.00648	16.524
697.6	0.00646	16.479
697.7	0.00645	16.497
697.8	0.00644	16.409
697.9	0.00643	16.410
698.0	0.00641	16.525
698.1	0.00640	16.491
698.2	0.00639	16.404
698.3	0.00638	16.315
698.4	0.00636	16.389
698.5	0.00635	16.299
698.6	0.00633	16.501
698.7	0.00632	16.412
698.8	0.00631	16.323
698.9	0.00630	16.303
699.0	0.00629	16.382
699.1	0.00627	16.327
699.2	0.00626	16.385
699.3	0.00625	16.381
699.4	0.00623	16.402
699.5	0.00623	16.503
699.6	0.00622	16.510
699.7	0.00620	16.449
699.8	0.00619	16.521
699.9	0.00618	16.483
