300.0	129.77408	3.586
300.1	128.72370	3.449
300.2	128.26407	3.365
300.3	127.04092	3.261
300.4	125.92592	3.197
300.5	127.50027	3.488
300.6	127.28364	3.446
300.7	125.48718	3.292
300.8	125.02084	3.210
300.9	128.00606	3.537
301.0	128.14190	3.469
301.1	125.73227	3.334
301.2	125.29699	3.252
301.3	122.93361	3.156
301.4	125.38478	3.535
301.5	125.05519	3.456
301.6	122.74761	3.289
301.7	123.40711	3.237
301.8	121.80850	3.161
301.9	125.74458	3.475
302.0	124.55077	3.337
302.1	122.73118	3.254
302.2	121.48719	3.153
302.3	124.22419	3.503
302.4	123.59030	3.415
302.5	122.05312	3.339
302.6	120.02403	3.182
302.7	124.13763	3.570
302.8	123.43025	3.446
302.9	122.20045	3.377
303.0	120.48220	3.228
303.1	119.93369	3.146
303.2	121.50411	3.494
303.3	121.31990	3.421
303.4	120.92169	3.342
303.5	118.45414	3.174
303.6	121.76754	3.536
303.7	121.63419	3.464
303.8	120.62394	3.367
303.9	120.06740	3.284
304.0	122.09579	3.614
304.1	119.79730	3.479
304.2	119.11870	3.392
304.3	119.36825	3.332
304.4	117.90845	3.225
304.5	119.87025	3.548
304.6	118.96448	3.421
304.7	118.28103	3.335
304.8	117.16103	3.238
304.9	115.30216	3.154
305.0	119.42067	3.535
305.1	116.76299	3.391
305.2	117.26212	3.306
305.3	115.65436	3.229
305.4	114.83585	3.141
305.5	118.19704	3.465
305.6	116.60188	3.353
305.7	115.47355	3.256
305.8	114.87397	3.175
305.9	117.28866	3.505
306.0	114.88259	3.368
306.1	115.23591	3.282
306.2	113.68798	3.206
306.3	115.81775	3.526
306.4	116.01141	3.434
306.5	114.45736	3.356
306.6	113.23094	3.224
306.7	116.20707	3.570
306.8	114.65369	3.490
306.9	113.93180	3.372
307.0	113.03165	3.282
307.1	113.36222	3.196
307.2	113.86253	3.530
307.3	113.86265	3.434
307.4	113.26966	3.353
307.5	110.58080	3.211
307.6	110.94333	3.159
307.7	112.55368	3.490
307.8	112.72049	3.400
307.9	112.10605	3.318
308.0	110.21022	3.200
308.1	112.45253	3.550
308.2	112.22964	3.416
308.3	111.32647	3.326
308.4	110.01390	3.256
308.5	109.92870	3.161
308.6	111.56773	3.459
308.7	110.96127	3.378
308.8	109.18742	3.263
308.9	108.65112	3.216
309.0	111.38406	3.547
309.1	110.06287	3.412
309.2	110.14059	3.322
309.3	108.46529	3.241
309.4	107.86356	3.162
309.5	108.88755	3.498
309.6	108.09093	3.382
309.7	108.09877	3.291
309.8	107.28206	3.206
309.9	109.60681	3.521
310.0	108.93383	3.439
310.1	107.78132	3.311
310.2	107.16981	3.232
310.3	108.20790	3.568
310.4	108.40683	3.483
310.5	107.11203	3.351
310.6	106.51100	3.272
310.7	104.96334	3.195
310.8	106.91024	3.525
310.9	106.91705	3.435
311.0	107.32932	3.358
311.1	105.04707	3.227
311.2	106.78428	3.551
311.3	106.23999	3.473
311.4	105.44010	3.387
311.5	103.97502	3.253
311.6	103.68849	3.186
311.7	106.22862	3.502
311.8	106.22871	3.413
311.9	104.75204	3.336
312.0	103.20394	3.200
312.1	106.25513	3.593
312.2	103.97502	3.457
312.3	103.40167	3.380
312.4	103.31593	3.290
312.5	102.17094	3.168
312.6	104.48378	3.533
312.7	103.66550	3.418
312.8	103.81645	3.335
312.9	102.82983	3.246
313.0	104.11438	3.579
313.1	102.88216	3.450
313.2	101.29217	3.368
313.3	102.12848	3.281
313.4	100.28666	3.166
313.5	102.51888	3.524
313.6	102.38470	3.433
313.7	101.96704	3.305
313.8	100.42782	3.226
313.9	101.48797	3.546
314.0	102.09214	3.481
314.1	100.66117	3.347
314.2	100.65463	3.262
314.3	98.91747	3.178
314.4	101.28212	3.510
314.5	100.41379	3.424
314.6	99.81611	3.291
314.7	99.51476	3.225
314.8	100.14003	3.555
314.9	99.30594	3.470
315.0	97.97391	3.340
315.1	97.93875	3.257
315.2	97.83576	3.171
315.3	99.10453	3.490
315.4	98.20571	3.404
315.5	97.30121	3.290
315.6	97.08919	3.201
315.7	99.59740	3.564
315.8	97.61523	3.438
315.9	97.47797	3.351
316.0	97.32474	3.236
316.1	95.81699	3.159
316.2	97.80366	3.527
316.3	97.32011	3.400
316.4	96.35712	3.312
316.5	96.40723	3.233
316.6	96.96068	3.551
316.7	96.97404	3.443
316.8	96.07077	3.357
316.9	95.26836	3.275
317.0	95.38686	3.145
317.1	95.65870	3.504
317.2	96.32008	3.419
317.3	94.94206	3.290
317.4	93.37353	3.184
317.5	95.72084	3.533
317.6	94.97815	3.452
317.7	94.30196	3.374
317.8	93.55672	3.242
317.9	92.71081	3.161
318.0	95.41375	3.495
318.1	94.68554	3.415
318.2	93.38166	3.289
318.3	93.11090	3.201
318.4	94.47787	3.567
318.5	94.47107	3.460
318.6	93.20578	3.335
318.7	92.94485	3.247
318.8	92.06676	3.165
318.9	93.05057	3.513
319.0	91.92647	3.393
319.1	91.77942	3.310
319.2	90.98872	3.179
319.3	92.16898	3.557
319.4	91.49904	3.429
319.5	91.22084	3.341
319.6	90.48584	3.263
319.7	92.54925	3.598
319.8	92.40045	3.514
319.9	91.28673	3.395
320.0	90.91365	3.304
320.1	89.52984	3.178
320.2	91.01298	3.538
320.3	90.93283	3.459
320.4	91.47876	3.351
320.5	88.85969	3.230
320.6	89.27509	3.144
320.7	89.76510	3.490
320.8	89.47381	3.403
320.9	88.93146	3.282
321.0	88.03284	3.200
321.1	88.93031	3.533
321.2	88.65654	3.447
321.3	87.32260	3.321
321.4	87.70100	3.237
321.5	87.38528	3.151
321.6	88.60694	3.495
321.7	88.85784	3.405
321.8	88.28968	3.283
321.9	87.28523	3.197
322.0	88.15652	3.552
322.1	87.06086	3.434
322.2	86.81086	3.351
322.3	87.33131	3.248
322.4	87.93605	3.567
322.5	87.70750	3.484
322.6	86.92082	3.379
322.7	86.46982	3.289
322.8	85.88539	3.170
322.9	86.18150	3.521
323.0	85.44378	3.442
323.1	85.82309	3.337
323.2	84.43199	3.259
323.3	86.63370	3.588
323.4	86.03153	3.466
323.5	85.11954	3.381
323.6	84.84602	3.299
323.7	84.69152	3.173
323.8	85.22803	3.530
323.9	84.40209	3.448
324.0	84.81497	3.321
324.1	83.96932	3.241
324.2	85.21491	3.577
324.3	84.80047	3.464
324.4	83.78825	3.376
324.5	83.54170	3.295
324.6	82.54757	3.186
324.7	83.13142	3.537
324.8	82.38694	3.412
324.9	81.55618	3.332
325.0	82.22225	3.243
325.1	80.96551	3.148
325.2	82.93785	3.458
325.3	83.16923	3.374
325.4	82.47001	3.276
325.5	82.00456	3.188
325.6	82.53126	3.534
325.7	82.08295	3.423
325.8	81.19645	3.340
325.9	81.50024	3.215
326.0	81.96702	3.556
326.1	82.11553	3.470
326.2	81.76817	3.386
326.3	81.06776	3.266
326.4	80.17964	3.185
326.5	80.21232	3.526
326.6	80.04451	3.405
326.7	80.15730	3.342
326.8	78.83232	3.220
326.9	79.30604	3.575
327.0	79.40631	3.490
327.1	78.65117	3.368
327.2	79.29635	3.284
327.3	78.69484	3.193
327.4	80.87311	3.532
327.5	79.79165	3.417
327.6	79.86478	3.330
327.7	78.60233	3.211
327.8	79.18282	3.570
327.9	79.52652	3.451
328.0	78.64685	3.368
328.1	78.59993	3.255
328.2	78.06899	3.167
328.3	78.49131	3.516
328.4	78.50952	3.429
328.5	78.40774	3.314
328.6	77.80838	3.200
328.7	77.35940	3.117
328.8	76.78533	3.029
328.9	76.90472	3.380
329.0	75.22887	3.264
329.1	75.83730	3.184
329.2	77.41636	3.512
329.3	76.94023	3.425
329.4	76.71844	3.307
329.5	76.34608	3.226
329.6	77.24189	3.569
329.7	76.27555	3.460
329.8	76.13146	3.346
329.9	75.59299	3.259
330.0	74.93041	3.145
330.1	76.41218	3.510
330.2	75.82710	3.397
330.3	75.54563	3.320
330.4	74.84200	3.205
330.5	75.27360	3.117
330.6	74.12287	3.446
330.7	73.74693	3.366
330.8	72.89943	3.245
330.9	72.72278	3.155
331.0	74.45311	3.504
331.1	74.95675	3.400
331.2	74.47451	3.315
331.3	73.75259	3.200
331.4	74.11734	3.551
331.5	74.45063	3.461
331.6	73.87564	3.351
331.7	73.37705	3.267
331.8	72.63369	3.151
331.9	73.25803	3.489
332.0	73.18812	3.403
332.1	73.13683	3.318
332.2	73.06438	3.211
332.3	72.34520	3.098
332.4	71.80966	3.014
332.5	71.38907	3.339
332.6	70.98982	3.260
332.7	70.83714	3.173
332.8	71.97292	3.509
332.9	71.71056	3.395
333.0	72.10256	3.291
333.1	71.20198	3.210
333.2	71.98558	3.550
333.3	71.42358	3.442
333.4	71.76736	3.357
333.5	71.02797	3.242
333.6	70.11202	3.161
333.7	71.55610	3.489
333.8	70.71562	3.408
333.9	70.42683	3.294
334.0	70.32138	3.210
334.1	70.35456	3.092
334.2	69.13354	3.449
334.3	68.80115	3.335
334.4	68.30685	3.253
334.5	70.14061	3.598
334.6	69.46814	3.485
334.7	68.99114	3.403
334.8	69.00209	3.286
334.9	68.90775	3.204
335.0	69.41344	3.541
335.1	69.03462	3.444
335.2	69.18034	3.334
335.3	68.63634	3.249
335.4	69.07845	3.602
335.5	68.89993	3.495
335.6	68.53597	3.380
335.7	68.45242	3.299
335.8	67.67234	3.185
335.9	67.51476	3.101
336.0	67.33793	3.454
336.1	66.63799	3.343
336.2	66.45007	3.258
336.3	66.00379	3.143
336.4	67.00386	3.494
336.5	66.61079	3.379
336.6	66.73459	3.291
336.7	65.64707	3.182
336.8	67.57444	3.543
336.9	66.97304	3.436
337.0	66.37317	3.349
337.1	66.38273	3.236
337.2	66.82860	3.580
337.3	66.98520	3.493
337.4	66.38212	3.387
337.5	66.02443	3.275
337.6	65.80901	3.190
337.7	64.97873	3.076
337.8	64.73070	2.991
337.9	64.88444	3.347
338.0	64.09327	3.234
338.1	64.21693	3.149
338.2	64.89562	3.494
338.3	64.56104	3.385
338.4	63.76349	3.271
338.5	64.51251	3.182
338.6	64.68431	3.520
338.7	64.46911	3.435
338.8	64.48336	3.326
338.9	63.89982	3.242
339.0	64.28676	3.589
339.1	64.01376	3.483
339.2	64.29674	3.371
339.3	64.06522	3.286
339.4	63.96257	3.191
339.5	63.18319	3.080
339.6	62.58457	3.441
339.7	62.15060	3.329
339.8	62.42918	3.238
339.9	62.92457	3.566
340.0	62.75274	3.486
340.1	62.63056	3.372
340.2	62.14645	3.276
340.3	61.50717	3.190
340.4	62.38934	3.518
340.5	62.17672	3.436
340.6	62.41104	3.325
340.7	62.02579	3.217
340.8	62.28010	3.565
340.9	62.01246	3.480
341.0	61.35741	3.373
341.1	62.00693	3.286
341.2	61.25323	3.177
341.3	60.48562	3.069
341.4	60.58933	2.971
341.5	59.97326	2.890
341.6	59.49197	3.220
341.7	60.30156	3.572
341.8	60.81379	3.481
341.9	60.17539	3.377
342.0	59.98240	3.264
342.1	59.72429	3.182
342.2	60.11546	3.510
342.3	60.16000	3.410
342.4	59.89769	3.327
342.5	59.74110	3.217
342.6	60.12303	3.578
342.7	60.36125	3.473
342.8	59.48981	3.372
342.9	59.09398	3.266
343.0	59.33686	3.178
343.1	58.26323	3.071
343.2	58.03095	2.960
343.3	58.05528	3.323
343.4	57.18598	3.209
343.5	58.15937	3.577
343.6	58.15422	3.461
343.7	58.37240	3.375
343.8	57.92811	3.267
343.9	58.13605	3.180
344.0	58.12543	3.509
344.1	58.31799	3.421
344.2	57.59244	3.313
344.3	57.64551	3.218
344.4	57.79712	3.555
344.5	57.52322	3.472
344.6	57.63014	3.364
344.7	57.28260	3.263
344.8	56.82662	3.156
344.9	56.71394	3.070
345.0	56.23134	3.410
345.1	56.04477	3.304
345.2	56.70985	3.214
345.3	55.97830	3.554
345.4	56.40511	3.469
345.5	56.05047	3.352
345.6	55.72748	3.269
345.7	55.46188	3.159
345.8	56.20306	3.504
345.9	56.04684	3.399
346.0	55.67992	3.314
346.1	55.44849	3.206
346.2	55.91771	3.566
346.3	55.84386	3.466
346.4	55.21824	3.365
346.5	55.49240	3.255
346.6	55.02628	3.150
346.7	54.99146	3.070
346.8	53.98846	3.397
346.9	54.34471	3.311
347.0	53.76132	3.200
347.1	53.93427	3.562
347.2	53.79777	3.446
347.3	53.91459	3.362
347.4	53.54749	3.248
347.5	53.62794	3.161
347.6	54.15948	3.500
347.7	53.98421	3.397
347.8	54.08246	3.311
347.9	53.61512	3.206
348.0	53.85126	3.557
348.1	53.54589	3.460
348.2	53.31417	3.355
348.3	53.07705	3.249
348.4	53.37858	3.147
348.5	52.68229	3.495
348.6	52.52883	3.395
348.7	52.36843	3.310
348.8	52.14383	3.192
348.9	52.08608	3.559
349.0	52.27291	3.452
349.1	51.80169	3.348
349.2	51.71432	3.254
349.3	51.40975	3.147
349.4	51.74267	3.506
349.5	52.14632	3.400
349.6	51.80582	3.289
349.7	51.83252	3.202
349.8	51.54969	3.551
349.9	51.54804	3.449
350.0	51.34643	3.348
350.1	51.57838	3.245
350.2	51.05008	3.140
350.3	51.06403	3.054
350.4	50.43359	3.388
350.5	50.66055	3.303
350.6	50.43365	3.202
350.7	50.86002	3.547
350.8	50.45281	3.447
350.9	50.80787	3.341
351.0	50.09425	3.237
351.1	49.89583	3.154
351.2	49.95013	3.484
351.3	49.75150	3.399
351.4	50.07046	3.293
351.5	49.96867	3.201
351.6	49.56425	3.542
351.7	49.89529	3.437
351.8	49.43096	3.335
351.9	49.14941	3.232
352.0	49.19390	3.137
352.1	49.16739	3.052
352.2	48.87083	3.395
352.3	48.57755	3.291
352.4	48.55778	3.193
352.5	48.94951	3.540
352.6	48.88096	3.437
352.7	48.58530	3.333
352.8	48.74912	3.234
352.9	48.27861	3.148
353.0	48.19350	3.485
353.1	48.05267	3.393
353.2	47.95377	3.290
353.3	48.00542	3.184
353.4	47.94317	3.535
353.5	47.85171	3.433
353.6	48.11724	3.329
353.7	47.68428	3.244
353.8	47.36787	3.142
353.9	46.88348	3.030
354.0	47.02363	2.945
354.1	46.86479	3.282
354.2	46.77084	3.182
354.3	47.01534	3.534
354.4	47.25874	3.431
354.5	46.95943	3.329
354.6	46.80254	3.224
354.7	46.73201	3.140
354.8	46.75828	3.474
354.9	46.66192	3.387
355.0	46.91330	3.285
355.1	46.25164	3.173
355.2	46.17063	3.089
355.3	45.95657	3.428
355.4	45.80023	3.325
355.5	46.00137	3.222
355.6	45.75843	3.139
355.7	45.40086	3.037
355.8	45.06154	3.387
355.9	45.08187	3.286
356.0	44.78004	3.187
356.1	45.31909	3.523
356.2	45.16830	3.421
356.3	44.94494	3.327
356.4	45.08331	3.221
356.5	45.16570	3.575
356.6	45.05103	3.476
356.7	45.10086	3.377
356.8	44.83168	3.280
356.9	44.82998	3.178
357.0	44.74233	3.082
357.1	44.44573	3.429
357.2	44.33766	3.320
357.3	44.13988	3.217
357.4	44.17070	3.131
357.5	43.95932	3.028
357.6	43.83275	3.382
357.7	43.31352	3.280
357.8	43.58514	3.177
357.9	43.24198	3.522
358.0	43.59219	3.426
358.1	43.62875	3.329
358.2	43.37964	3.223
358.3	43.33894	3.567
358.4	43.51666	3.470
358.5	43.34597	3.369
358.6	43.31599	3.268
358.7	42.95935	3.168
358.8	43.14859	3.071
358.9	42.67128	3.427
359.0	42.69026	3.318
359.1	42.50917	3.219
359.2	42.40326	3.127
359.3	42.14477	3.023
359.4	41.89008	3.364
359.5	42.11665	3.262
359.6	41.72246	3.172
359.7	41.77015	3.509
359.8	41.88588	3.423
359.9	41.85049	3.313
360.0	41.85905	3.218
360.1	41.71785	3.565
360.2	41.90495	3.461
360.3	41.85920	3.361
360.4	41.50030	3.261
360.5	41.72714	3.160
360.6	41.44677	3.506
360.7	41.38687	3.406
360.8	41.40047	3.313
360.9	41.38803	3.217
361.0	40.99910	3.117
361.1	40.79700	3.008
361.2	40.57021	2.922
361.3	40.42714	2.820
361.4	40.46909	3.157
361.5	40.60541	3.516
361.6	40.26070	3.417
361.7	40.16389	3.317
361.8	40.32306	3.215
361.9	40.25812	3.555
362.0	40.18908	3.457
362.1	40.46000	3.353
362.2	39.95351	3.254
362.3	40.12361	3.153
362.4	40.12018	3.509
362.5	39.92097	3.411
362.6	39.83427	3.313
362.7	39.64315	3.206
362.8	39.78776	3.104
362.9	39.10890	3.006
363.0	38.98946	2.908
363.1	38.90685	2.813
363.2	38.68432	3.162
363.3	39.12090	3.511
363.4	38.97295	3.408
363.5	38.85106	3.309
363.6	38.84606	3.208
363.7	38.57293	3.108
363.8	38.71660	3.453
363.9	38.68214	3.350
364.0	38.42976	3.251
364.1	38.18087	3.153
364.2	38.49935	3.499
364.3	38.39113	3.402
364.4	38.54275	3.305
364.5	38.15481	3.206
364.6	38.27117	3.106
364.7	37.86764	2.998
364.8	37.69369	2.898
364.9	37.24720	2.800
365.0	37.19570	3.157
365.1	37.47246	3.503
365.2	37.66897	3.402
365.3	37.31466	3.306
365.4	37.33767	3.201
365.5	37.29740	3.551
365.6	37.16303	3.442
365.7	37.15401	3.345
365.8	37.19282	3.242
365.9	37.02593	3.143
366.0	36.88880	3.491
366.1	36.97312	3.393
366.2	36.95092	3.295
366.3	37.27322	3.196
366.4	36.62078	3.098
366.5	36.55344	2.998
366.6	36.23649	2.899
366.7	36.20444	2.804
366.8	35.78758	3.150
366.9	36.05744	3.495
367.0	35.99300	3.396
367.1	36.14881	3.296
367.2	35.74473	3.198
367.3	35.80100	3.542
367.4	35.94415	3.443
367.5	35.78857	3.345
367.6	35.72257	3.237
367.7	35.65653	3.139
367.8	35.56602	3.049
367.9	35.45298	3.385
368.0	35.70435	3.297
368.1	35.39199	3.187
368.2	35.42221	3.088
368.3	35.10885	2.990
368.4	34.99894	2.891
368.5	34.63011	2.791
368.6	34.72321	3.146
368.7	34.56042	3.489
368.8	34.75972	3.389
368.9	34.54506	3.289
369.0	34.64081	3.188
369.1	34.42704	3.090
369.2	34.44313	3.437
369.3	34.32785	3.337
369.4	34.32640	3.238
369.5	34.33789	3.141
369.6	34.52674	3.039
369.7	34.23901	3.388
369.8	34.05222	3.291
369.9	33.93647	3.182
370.0	33.71966	3.084
370.1	33.77020	2.982
370.2	33.72233	2.882
370.3	33.56616	2.782
370.4	33.29831	3.141
370.5	33.34287	3.481
370.6	33.25254	3.386
370.7	33.36474	3.282
370.8	33.21366	3.181
370.9	33.27933	3.532
371.0	33.27989	3.427
371.1	33.08354	3.330
371.2	33.05965	3.233
371.3	32.99809	3.132
371.4	32.86951	3.035
371.5	32.91674	3.380
371.6	32.89894	3.283
371.7	32.83427	3.182
371.8	32.70351	3.085
371.9	32.53170	2.976
372.0	32.37030	2.877
372.1	32.15722	2.775
372.2	32.07070	3.580
372.3	32.10622	3.482
372.4	32.05052	3.374
372.5	31.99385	3.276
372.6	31.98709	3.174
372.7	31.97824	3.523
372.8	32.11519	3.427
372.9	31.89756	3.321
373.0	31.66067	3.224
373.1	31.78328	3.126
373.2	31.54016	3.030
373.3	31.66134	3.379
373.4	31.59888	3.272
373.5	31.54804	3.176
373.6	31.48245	3.079
373.7	31.22633	2.982
373.8	31.20223	2.881
373.9	30.99844	2.782
374.0	30.89422	3.574
374.1	30.75097	3.477
374.2	30.79597	3.375
374.3	30.80112	3.278
374.4	30.61138	3.170
374.5	30.62389	3.525
374.6	30.78376	3.418
374.7	30.55281	3.322
374.8	30.71052	3.224
374.9	30.43973	3.117
375.0	30.35029	3.020
375.1	30.15985	2.923
375.2	30.11831	2.824
375.3	30.04000	3.171
375.4	29.86359	3.075
375.5	29.72013	2.975
375.6	29.59780	3.321
375.7	29.62834	3.222
375.8	29.64208	3.566
375.9	29.70604	3.471
376.0	29.65936	3.362
376.1	29.76927	3.271
376.2	29.71772	3.163
376.3	29.51098	3.064
376.4	29.42180	3.412
376.5	29.67402	3.312
376.6	29.35322	3.217
376.7	29.53773	3.118
376.8	29.40945	3.020
376.9	29.03672	2.915
377.0	29.04487	2.815
377.1	28.80286	2.717
377.2	28.64821	3.065
377.3	28.75876	3.410
377.4	28.76960	3.311
377.5	28.63624	3.213
377.6	28.57945	3.116
377.7	28.57693	3.017
377.8	28.42900	3.362
377.9	28.58304	3.265
378.0	28.44452	3.167
378.1	28.35531	3.067
378.2	28.33629	3.409
378.3	28.42691	3.313
378.4	28.15954	3.208
378.5	28.17102	3.112
378.6	28.16305	3.014
378.7	28.05719	2.913
378.8	27.80475	2.807
378.9	27.62484	2.709
379.0	27.59161	3.056
379.1	27.53148	3.408
379.2	27.53209	3.312
379.3	27.63995	3.213
379.4	27.41364	3.108
379.5	27.39456	3.010
379.6	27.41858	3.354
379.7	27.38766	3.255
379.8	27.23893	3.159
379.9	27.21189	3.061
380.0	27.21610	3.408
380.1	27.13812	3.304
380.2	27.23479	3.205
380.3	27.07962	3.101
380.4	26.99693	3.006
380.5	26.86961	2.906
380.6	26.84061	2.810
380.7	26.58109	3.152
380.8	26.46788	3.054
380.9	26.45974	3.406
381.0	26.48775	3.302
381.1	26.32381	3.205
381.2	26.39197	3.099
381.3	26.32037	2.999
381.4	26.35123	3.354
381.5	26.23264	3.247
381.6	26.12881	3.151
381.7	26.18751	3.052
381.8	26.04843	3.398
381.9	26.06700	3.302
382.0	26.07838	3.198
382.1	26.03747	3.102
382.2	26.03437	3.004
382.3	25.88948	2.897
382.4	25.69916	2.802
382.5	25.51778	3.151
382.6	25.51045	3.047
382.7	25.41705	3.397
382.8	25.51412	3.299
382.9	25.33844	3.195
383.0	25.34455	3.100
383.1	25.38128	3.444
383.2	25.38717	3.349
383.3	25.54275	3.243
383.4	25.43998	3.149
383.5	25.22912	3.050
383.6	25.24293	2.942
383.7	25.11054	2.846
383.8	24.95710	3.191
383.9	25.10342	3.093
384.0	24.95675	2.995
384.1	24.93564	2.899
384.2	24.68391	2.791
384.3	24.47715	3.144
384.4	24.37762	3.039
384.5	24.40909	3.391
384.6	24.50100	3.289
384.7	24.47932	3.194
384.8	24.37223	3.088
384.9	24.44866	3.439
385.0	24.43491	3.337
385.1	24.41684	3.242
385.2	24.44005	3.139
385.3	24.27351	3.040
385.4	24.17306	2.943
385.5	23.99789	3.292
385.6	24.20284	3.186
385.7	24.01841	3.092
385.8	23.97104	2.988
385.9	23.85702	2.891
386.0	23.66881	2.793
386.1	23.58885	2.694
386.2	23.46419	3.041
386.3	23.42433	2.940
386.4	23.39531	3.284
386.5	23.44199	3.188
386.6	23.40829	3.088
386.7	23.40311	3.435
386.8	23.41052	3.334
386.9	23.46299	3.232
387.0	23.55450	3.135
387.1	23.33746	3.031
387.2	23.28658	2.937
387.3	23.19320	2.837
387.4	23.16828	3.185
387.5	23.15654	3.082
387.6	23.02759	2.984
387.7	22.89918	2.881
387.8	22.71134	2.785
387.9	22.68120	3.131
388.0	22.69839	3.034
388.1	22.52542	2.932
388.2	22.53771	3.282
388.3	22.54507	3.184
388.4	22.46370	3.081
388.5	22.50696	3.429
388.6	22.46212	3.330
388.7	22.65672	3.233
388.8	22.55045	3.132
388.9	22.42885	3.031
389.0	22.42940	2.933
389.1	22.35141	3.281
389.2	22.29202	3.175
389.3	22.36339	3.080
389.4	22.45802	2.976
389.5	22.18367	2.875
389.6	22.09246	2.780
389.7	21.88960	2.678
389.8	21.79142	2.577
389.9	21.70988	2.927
390.0	21.63860	3.278
390.1	21.55347	3.177
390.2	21.57328	3.072
390.3	21.64612	3.425
390.4	21.50209	3.326
390.5	21.56772	3.223
390.6	21.68720	3.127
390.7	21.63541	3.024
390.8	21.49390	2.923
390.9	21.46489	3.270
391.0	21.49277	3.174
391.1	21.50761	3.076
391.2	21.37234	2.975
391.3	21.34134	2.871
391.4	21.22265	2.775
391.5	21.05517	2.674
391.6	20.85205	3.018
391.7	20.77798	3.373
391.8	20.82802	3.271
391.9	20.80362	3.170
392.0	20.73342	3.074
392.1	20.73068	2.970
392.2	20.74203	3.318
392.3	20.78592	3.216
392.4	20.69308	3.116
392.5	20.82961	3.021
392.6	20.70376	2.918
392.7	20.59235	3.264
392.8	20.58141	3.166
392.9	20.50860	3.065
393.0	20.43677	2.964
393.1	20.40607	2.870
393.2	20.27592	2.769
393.3	20.14454	2.669
393.4	20.02969	3.016
393.5	19.94351	2.916
393.6	19.82381	2.817
393.7	19.83602	3.168
393.8	19.81064	3.065
393.9	19.75494	3.411
394.0	19.75262	3.311
394.1	19.77824	3.211
394.2	19.73415	3.117
394.3	19.74153	3.014
394.4	19.71826	2.912
394.5	19.53720	3.264
394.6	19.63617	3.165
394.7	19.59160	3.060
394.8	19.58307	2.961
394.9	19.47751	2.859
395.0	19.40266	2.763
395.1	19.36136	2.661
395.2	19.19472	3.009
395.3	19.16354	2.908
395.4	19.09485	2.809
395.5	18.94319	2.714
395.6	18.82279	3.061
395.7	18.82306	3.411
395.8	18.88995	3.306
395.9	18.88452	3.210
396.0	18.92079	3.110
396.1	18.91717	3.010
396.2	18.77036	2.909
396.3	18.79549	3.256
396.4	18.84122	3.158
396.5	18.77062	3.058
396.6	18.76757	2.958
396.7	18.66347	2.860
396.8	18.56852	2.758
396.9	18.37236	2.659
397.0	18.40551	3.004
397.1	18.30250	2.907
397.2	18.24418	2.806
397.3	18.16881	2.704
397.4	18.10503	3.056
397.5	18.02015	3.404
397.6	18.06053	3.305
397.7	18.10500	3.206
397.8	18.17087	3.105
397.9	18.11501	3.005
398.0	18.05315	2.904
398.1	17.93585	3.250
398.2	17.99987	3.150
398.3	17.98402	3.052
398.4	17.93274	2.953
398.5	17.89320	2.852
398.6	17.82775	2.753
398.7	17.70830	2.651
398.8	17.63202	3.002
398.9	17.59170	2.902
399.0	17.59669	3.246
399.1	17.63619	3.149
399.2	17.57334	3.049
399.3	17.53432	2.950
399.4	17.50052	2.851
399.5	17.29735	2.747
399.6	17.31395	3.097
399.7	17.35628	2.996
399.8	17.22398	2.897
399.9	17.18660	3.247
400.0	17.20957	3.144
400.1	17.27848	3.044
400.2	17.15423	2.946
400.3	17.12316	2.845
400.4	17.10606	2.747
400.5	16.94123	2.646
400.6	16.85692	2.995
400.7	16.94157	2.895
400.8	16.84018	3.241
400.9	16.83064	3.145
401.0	16.89648	3.042
401.1	16.84260	2.943
401.2	16.76326	2.845
401.3	16.72064	2.744
401.4	16.57381	3.092
401.5	16.51403	2.993
401.6	16.54835	2.891
401.7	16.47171	3.239
401.8	16.46982	3.141
401.9	16.46752	3.043
402.0	16.51315	2.939
402.1	16.36712	2.840
402.2	16.34217	2.739
402.3	16.24773	3.089
402.4	16.28905	2.990
402.5	16.22384	2.887
402.6	16.19651	3.238
402.7	16.16896	3.136
402.8	16.10347	3.037
402.9	16.19569	2.940
403.0	16.07277	2.837
403.1	16.00149	2.739
403.2	15.97850	3.090
403.3	15.87907	2.986
403.4	15.75149	2.887
403.5	15.83022	3.235
403.6	15.83807	3.133
403.7	15.86348	3.035
403.8	15.84071	2.936
403.9	15.71551	2.839
404.0	15.67249	2.734
404.1	15.59711	3.086
404.2	15.56943	2.983
404.3	15.53544	2.884
404.4	15.52300	3.233
404.5	15.54340	3.135
404.6	15.50038	3.034
404.7	15.42422	2.932
404.8	15.49891	2.832
404.9	15.34099	2.735
405.0	15.30603	3.083
405.1	15.26932	2.984
405.2	15.14830	2.880
405.3	15.16825	3.231
405.4	15.18031	3.130
405.5	15.18739	3.032
405.6	15.17473	2.930
405.7	15.10720	2.832
405.8	15.05290	2.732
405.9	14.96375	3.081
406.0	14.94438	2.979
406.1	14.85383	2.881
406.2	14.87808	3.228
406.3	14.88588	3.127
406.4	14.90776	3.029
406.5	14.85788	2.926
406.6	14.79057	2.829
406.7	14.78040	2.727
406.8	14.63028	2.630
406.9	14.65132	2.977
407.0	14.57093	2.878
407.1	14.53896	3.224
407.2	14.55144	3.126
407.3	14.53794	3.023
407.4	14.46660	2.927
407.5	14.46864	2.824
407.6	14.38302	2.726
407.7	14.41587	3.075
407.8	14.32579	2.975
407.9	14.28492	2.873
408.0	14.27641	3.221
408.1	14.28457	3.120
408.2	14.29444	3.024
408.3	14.22383	2.924
408.4	14.21421	2.820
408.5	14.14175	2.722
408.6	14.04935	2.625
408.7	14.02039	2.970
408.8	13.97705	2.873
408.9	13.93526	3.220
409.0	13.94813	3.122
409.1	13.96365	3.021
409.2	13.93314	2.918
409.3	13.86207	2.821
409.4	13.82242	2.718
409.5	13.74644	3.069
409.6	13.73543	2.967
409.7	13.72474	2.871
409.8	13.67112	3.216
409.9	13.71682	3.116
410.0	13.72133	3.018
410.1	13.65729	2.918
410.2	13.60530	2.817
410.3	13.56309	2.715
410.4	13.49025	2.617
410.5	13.46071	2.968
410.6	13.43207	2.866
410.7	13.40226	3.214
410.8	13.37350	3.114
410.9	13.33345	3.016
411.0	13.30681	2.915
411.1	13.33417	2.813
411.2	13.26001	2.714
411.3	13.21972	3.062
411.4	13.18049	2.962
411.5	13.18991	2.861
411.6	13.11931	3.213
411.7	13.11607	3.113
411.8	13.11306	3.010
411.9	13.11714	2.912
412.0	13.10021	2.810
412.1	12.95747	2.710
412.2	12.93730	2.613
412.3	12.88127	2.961
412.4	12.85923	2.863
412.5	12.84765	3.209
412.6	12.84920	3.108
412.7	12.83500	3.008
412.8	12.78395	2.911
412.9	12.74402	2.810
413.0	12.72579	2.711
413.1	12.64063	3.058
413.2	12.63887	2.958
413.3	12.60973	2.860
413.4	12.63516	3.205
413.5	12.60682	3.107
413.6	12.60314	3.007
413.7	12.56538	2.907
413.8	12.48973	2.807
413.9	12.48617	2.705
414.0	12.43449	2.608
414.1	12.36276	2.957
414.2	12.29789	2.856
414.3	12.25937	3.203
414.4	12.30679	3.103
414.5	12.30639	3.003
414.6	12.24653	2.903
414.7	12.23753	2.805
414.8	12.17752	2.704
414.9	12.14209	3.055
415.0	12.15181	2.954
415.1	12.12037	2.851
415.2	12.09188	3.200
415.3	12.08808	3.103
415.4	12.08397	3.003
415.5	12.06785	2.901
415.6	12.02822	2.801
415.7	11.99921	2.704
415.8	11.99115	3.049
415.9	11.97091	2.950
416.0	11.91436	2.850
416.1	11.86665	2.752
416.2	11.78528	2.652
416.3	11.81475	3.001
416.4	11.79361	2.899
416.5	11.73448	2.800
416.6	11.67881	2.698
416.7	11.64014	3.048
416.8	11.61194	2.949
416.9	11.61641	2.849
417.0	11.60432	3.195
417.1	11.61891	3.096
417.2	11.60829	2.998
417.3	11.58831	2.898
417.4	11.50917	2.794
417.5	11.49757	2.698
417.6	11.47352	3.047
417.7	11.43915	2.944
417.8	11.42770	2.844
417.9	11.34426	2.744
418.0	11.34002	2.647
418.1	11.27770	2.995
418.2	11.31480	2.894
418.3	11.23016	2.795
418.4	11.17834	2.694
418.5	11.18513	3.042
418.6	11.13395	2.943
418.7	11.14109	2.843
418.8	11.12112	3.191
418.9	11.11090	3.089
419.0	11.13030	2.989
419.1	11.10187	2.891
419.2	11.05899	2.792
419.3	11.02999	2.691
419.4	10.97208	3.041
419.5	10.95076	2.941
419.6	10.93819	2.838
419.7	10.93620	2.741
419.8	10.86762	2.642
419.9	10.81188	2.990
420.0	10.79474	2.889
420.1	10.79088	2.790
420.2	10.68949	2.689
420.3	10.70372	3.038
420.4	10.69978	2.936
420.5	10.67396	2.838
420.6	10.66878	3.185
420.7	10.68044	3.084
420.8	10.65619	2.986
420.9	10.64161	2.884
421.0	10.60685	2.784
421.1	10.58231	2.685
421.2	10.51671	3.033
421.3	10.54174	2.934
421.4	10.49704	2.835
421.5	10.43356	2.736
421.6	10.44129	3.082
421.7	10.43318	2.984
421.8	10.41574	2.883
421.9	10.42423	2.784
422.0	10.37218	2.685
422.1	10.30280	2.583
422.2	10.26014	2.931
422.3	10.21369	2.834
422.4	10.20319	3.182
422.5	10.23966	3.079
422.6	10.20802	2.982
422.7	10.17905	2.880
422.8	10.17021	2.781
422.9	10.11278	2.682
423.0	10.10196	3.029
423.1	10.08494	2.928
423.2	10.05164	2.829
423.3	10.00360	2.729
423.4	9.96189	2.630
423.5	9.89009	2.530
423.6	9.88767	2.879
423.7	9.83802	2.777
423.8	9.83392	3.127
423.9	9.83032	3.026
424.0	9.83208	2.927
424.1	9.80378	2.828
424.2	9.82160	3.175
424.3	9.80255	3.075
424.4	9.81828	2.977
424.5	9.81024	2.875
424.6	9.74080	2.774
424.7	9.71328	2.674
424.8	9.70197	3.022
424.9	9.65811	2.925
425.0	9.68050	2.825
425.1	9.61629	2.724
425.2	9.60692	2.624
425.3	9.51630	2.973
425.4	9.49290	2.872
425.5	9.45649	2.774
425.6	9.44856	3.122
425.7	9.44491	3.021
425.8	9.44550	2.922
425.9	9.43464	2.820
426.0	9.41505	3.170
426.1	9.44750	3.069
426.2	9.42624	2.971
426.3	9.39278	2.871
426.4	9.37848	2.769
426.5	9.33764	2.670
426.6	9.28482	3.019
426.7	9.29069	2.917
426.8	9.29526	2.818
426.9	9.24469	2.720
427.0	9.18172	2.617
427.1	9.16974	2.967
427.2	9.12995	2.867
427.3	9.09153	3.197
427.4	9.12830	3.110
427.5	9.10380	3.017
427.6	9.10963	2.917
427.7	9.09404	2.816
427.8	9.07706	2.716
427.9	9.02371	3.066
428.0	9.02670	2.966
428.1	9.03327	2.864
428.2	8.99615	2.766
428.3	8.97010	2.664
428.4	8.89842	2.567
428.5	8.89741	2.912
428.6	8.90140	2.814
428.7	8.81661	2.714
428.8	8.82714	2.614
428.9	8.74450	2.963
429.0	8.75807	2.861
429.1	8.75193	3.193
429.2	8.76387	3.106
429.3	8.74602	3.010
429.4	8.73176	2.910
429.5	8.73477	2.810
429.6	8.69157	2.710
429.7	8.66374	3.060
429.8	8.64638	2.959
429.9	8.63597	2.859
430.0	8.62488	2.759
430.1	8.58250	2.660
430.2	8.54121	3.009
430.3	8.51970	2.908
430.4	8.50484	2.808
430.5	8.48384	2.709
430.6	8.42715	2.607
430.7	8.40767	2.956
430.8	8.39837	2.856
430.9	8.38448	3.188
431.0	8.38772	3.102
431.1	8.37691	3.006
431.2	8.38452	2.906
431.3	8.34634	2.805
431.4	8.33969	2.706
431.5	8.30428	3.056
431.6	8.28380	2.954
431.7	8.28322	2.853
431.8	8.25651	2.754
431.9	8.24519	2.655
432.0	8.17698	2.555
432.1	8.17443	2.903
432.2	8.15825	2.802
432.3	8.12380	2.705
432.4	8.09080	2.603
432.5	8.04583	2.950
432.6	8.06077	2.852
432.7	8.02632	3.184
432.8	8.06546	3.097
432.9	8.04625	3.001
433.0	8.01859	2.900
433.1	8.00694	2.800
433.2	7.98678	3.135
433.3	7.98788	3.050
433.4	7.97268	2.949
433.5	7.98305	2.850
433.6	7.94308	2.748
433.7	7.92705	2.649
433.8	7.89323	2.549
433.9	7.83176	2.896
434.0	7.80153	2.797
434.1	7.77860	2.699
434.2	7.73404	2.599
434.3	7.73329	2.945
434.4	7.68431	2.847
434.5	7.69279	3.179
434.6	7.70779	3.094
434.7	7.70145	2.994
434.8	7.69133	2.895
434.9	7.67207	2.794
435.0	7.65016	3.130
435.1	7.65862	3.043
435.2	7.68127	2.945
435.3	7.63239	2.844
435.4	7.60569	2.744
435.5	7.59484	2.644
435.6	7.52587	2.545
435.7	7.49198	2.443
435.8	7.48430	2.792
435.9	7.43629	2.694
436.0	7.40348	2.594
436.1	7.38783	2.940
436.2	7.36737	2.841
436.3	7.38382	3.177
436.4	7.36496	3.091
436.5	7.37652	2.990
436.6	7.37752	2.889
436.7	7.36198	2.790
436.8	7.33181	3.126
436.9	7.34002	3.038
437.0	7.33484	2.938
437.1	7.31579	2.840
437.2	7.29995	2.739
437.3	7.24897	2.638
437.4	7.22537	2.538
437.5	7.17293	2.439
437.6	7.15552	2.786
437.7	7.13075	2.687
437.8	7.07754	2.586
437.9	7.08229	2.936
438.0	7.07105	2.837
438.1	7.05169	3.174
438.2	7.08190	3.085
438.3	7.08626	2.985
438.4	7.07630	2.884
438.5	7.03966	2.786
438.6	7.02686	3.122
438.7	7.03790	3.032
438.8	7.03515	2.934
438.9	7.03590	2.834
439.0	7.00685	2.733
439.1	6.96821	2.634
439.2	6.92859	2.534
439.3	6.90366	2.434
439.4	6.86053	2.783
439.5	6.82401	2.683
439.6	6.78298	2.581
439.7	6.79752	2.931
439.8	6.77534	2.830
439.9	6.78358	3.168
440.0	6.77296	3.080
440.1	6.78283	2.979
440.2	6.76786	2.879
440.3	6.74948	2.778
440.4	6.72001	3.119
440.5	6.73553	3.028
440.6	6.74050	2.928
440.7	6.71067	2.829
440.8	6.71550	2.728
440.9	6.67188	2.628
441.0	6.64422	2.529
441.1	6.58598	2.427
441.2	6.55309	2.777
441.3	6.54083	2.678
441.4	6.49555	3.025
441.5	6.50165	2.927
441.6	6.48574	2.826
441.7	6.47443	3.167
441.8	6.49047	3.075
441.9	6.49763	2.973
442.0	6.49547	2.874
442.1	6.47035	2.775
442.2	6.44341	3.114
442.3	6.45176	3.023
442.4	6.44919	2.922
442.5	6.44388	2.822
442.6	6.41328	2.722
442.7	6.39411	2.622
442.8	6.35259	2.524
442.9	6.30838	2.423
443.0	6.26836	2.771
443.1	6.26581	2.672
443.2	6.22510	2.573
443.3	6.21359	2.920
443.4	6.20503	2.821
443.5	6.21438	3.162
443.6	6.19720	3.070
443.7	6.20873	2.968
443.8	6.20212	2.868
443.9	6.19338	2.770
444.0	6.18541	3.110
444.1	6.17111	3.018
444.2	6.18584	2.917
444.3	6.17107	2.818
444.4	6.14806	2.718
444.5	6.13131	2.618
444.6	6.07975	2.518
444.7	6.04110	2.418
444.8	6.00871	2.767
444.9	5.98182	2.666
445.0	5.96794	3.015
445.1	5.95579	2.915
445.2	5.94808	2.814
445.3	5.94551	3.158
445.4	5.95465	3.063
445.5	5.94802	2.964
445.6	5.94426	2.865
445.7	5.93565	2.764
445.8	5.91683	3.108
445.9	5.92149	3.013
446.0	5.93395	2.912
446.1	5.90473	2.813
446.2	5.89273	2.712
446.3	5.86207	2.612
446.4	5.83468	2.512
446.5	5.79584	2.412
446.6	5.75184	2.761
446.7	5.72527	2.662
446.8	5.70444	3.010
446.9	5.70813	2.910
447.0	5.69406	2.809
447.1	5.68339	3.157
447.2	5.70371	3.058
447.3	5.69478	2.959
447.4	5.68710	2.858
447.5	5.66687	2.759
447.6	5.65937	2.659
447.7	5.65903	3.008
447.8	5.66258	2.907
447.9	5.65813	2.808
448.0	5.64466	2.708
448.1	5.61881	2.608
448.2	5.56914	2.507
448.3	5.55710	2.409
448.4	5.50326	2.757
448.5	5.48141	2.656
448.6	5.45723	3.006
448.7	5.45668	2.904
448.8	5.44121	2.804
448.9	5.45213	3.152
449.0	5.45203	3.054
449.1	5.46012	2.953
449.2	5.45132	2.854
449.3	5.44551	2.753
449.4	5.41889	3.100
449.5	5.41869	3.003
449.6	5.40746	2.903
449.7	5.40533	2.802
449.8	5.40248	2.703
449.9	5.37996	2.602
450.0	5.34332	2.502
450.1	5.31865	2.850
450.2	5.30722	2.751
450.3	5.29448	2.650
450.4	5.26724	2.551
450.5	5.23524	2.452
450.6	5.20606	2.800
450.7	5.20944	3.149
450.8	5.22408	3.049
450.9	5.22377	2.949
451.0	5.21070	2.847
451.1	5.20900	2.748
451.2	5.19686	3.096
451.3	5.19184	2.997
451.4	5.18991	2.897
451.5	5.16830	2.797
451.6	5.15876	2.696
451.7	5.13106	2.597
451.8	5.11012	2.498
451.9	5.10781	2.846
452.0	5.08894	2.745
452.1	5.07092	2.645
452.2	5.03446	2.547
452.3	5.00341	2.446
452.4	4.98543	2.794
452.5	4.98719	3.143
452.6	4.98785	3.044
452.7	4.98130	2.944
452.8	4.99016	2.843
452.9	4.97635	2.743
453.0	4.96914	3.091
453.1	4.97522	2.992
453.2	4.96811	2.893
453.3	4.97022	2.792
453.4	4.94818	2.693
453.5	4.92293	2.592
453.6	4.88636	2.491
453.7	4.87968	2.841
453.8	4.86792	2.741
453.9	4.84666	2.640
454.0	4.82629	2.540
454.1	4.82345	2.890
454.2	4.80553	2.788
454.3	4.79925	2.690
454.4	4.77383	2.590
454.5	4.77311	2.937
454.6	4.75707	2.837
454.7	4.76314	2.738
454.8	4.74569	3.087
454.9	4.75503	2.987
455.0	4.75340	2.886
455.1	4.73719	2.787
455.2	4.72590	2.687
455.3	4.70481	2.587
455.4	4.67508	2.487
455.5	4.64974	2.836
455.6	4.64808	2.736
455.7	4.63898	2.636
455.8	4.60633	2.536
455.9	4.61722	2.883
456.0	4.60814	2.784
456.1	4.59161	2.684
456.2	4.56703	2.584
456.3	4.57026	2.932
456.4	4.56058	2.833
456.5	4.55040	2.732
456.6	4.54363	3.080
456.7	4.54751	2.981
456.8	4.54815	2.881
456.9	4.53684	2.781
457.0	4.51889	2.681
457.1	4.49876	2.582
457.2	4.46760	2.482
457.3	4.46085	2.830
457.4	4.44516	2.731
457.5	4.42882	2.631
457.6	4.40910	2.979
457.7	4.41012	2.879
457.8	4.40740	2.778
457.9	4.39576	2.678
458.0	4.37787	3.027
458.1	4.37679	2.927
458.2	4.36248	2.827
458.3	4.35285	2.727
458.4	4.35099	3.077
458.5	4.34619	2.977
458.6	4.34415	2.876
458.7	4.33895	2.776
458.8	4.33349	2.675
458.9	4.30471	2.576
459.0	4.28231	2.476
459.1	4.26300	2.824
459.2	4.25470	2.725
459.3	4.23628	2.625
459.4	4.22133	2.973
459.5	4.22215	2.874
459.6	4.21114	2.774
459.7	4.19804	3.099
459.8	4.20767	3.012
459.9	4.20816	2.922
460.0	4.20665	2.822
460.1	4.19291	2.723
460.2	4.16991	2.623
460.3	4.16321	2.972
460.4	4.15453	2.871
460.5	4.15051	2.771
460.6	4.13583	2.670
460.7	4.11438	2.571
460.8	4.08577	2.471
460.9	4.07407	2.820
461.0	4.06640	2.720
461.1	4.05078	2.620
461.2	4.03983	2.968
461.3	4.03952	2.868
461.4	4.02595	2.769
461.5	4.01918	3.095
461.6	4.02113	3.010
461.7	4.02314	2.917
461.8	4.02507	2.817
461.9	4.00839	2.718
462.0	3.99242	2.617
462.1	3.97460	2.965
462.2	3.98000	2.866
462.3	3.95507	2.766
462.4	3.95951	2.665
462.5	3.94125	2.566
462.6	3.91967	2.465
462.7	3.90027	2.814
462.8	3.89075	2.715
462.9	3.87150	2.614
463.0	3.86524	2.963
463.1	3.86432	2.864
463.2	3.85150	2.762
463.3	3.84158	3.094
463.4	3.84928	3.007
463.5	3.84636	2.912
463.6	3.84405	2.812
463.7	3.83236	2.711
463.8	3.82743	2.612
463.9	3.79980	2.960
464.0	3.80281	2.860
464.1	3.79586	2.760
464.2	3.78320	2.661
464.3	3.76669	2.560
464.4	3.74400	2.461
464.5	3.72336	2.809
464.6	3.71882	2.709
464.7	3.70003	2.609
464.8	3.69507	2.957
464.9	3.69707	2.857
465.0	3.68886	2.758
465.1	3.67953	3.091
465.2	3.67852	3.005
465.3	3.67994	2.907
465.4	3.66979	2.806
465.5	3.67121	2.706
465.6	3.65737	3.039
465.7	3.66652	2.953
465.8	3.65944	2.856
465.9	3.64925	2.756
466.0	3.63815	2.655
466.1	3.62644	2.555
466.2	3.59871	2.456
466.3	3.57643	2.356
466.4	3.55600	2.704
466.5	3.53360	2.604
466.6	3.53287	2.952
466.7	3.53196	2.853
466.8	3.52691	2.752
466.9	3.51560	3.087
467.0	3.52143	3.001
467.1	3.52001	2.902
467.2	3.51602	2.801
467.3	3.51024	2.702
467.4	3.49730	3.037
467.5	3.50052	2.950
467.6	3.49447	2.849
467.7	3.49226	2.750
467.8	3.48293	2.650
467.9	3.46160	2.550
468.0	3.44567	2.450
468.1	3.42036	2.350
468.2	3.39265	2.700
468.3	3.38180	2.599
468.4	3.37680	2.948
468.5	3.37771	2.848
468.6	3.37459	2.748
468.7	3.36485	3.085
468.8	3.36716	2.996
468.9	3.36792	2.896
469.0	3.36456	2.797
469.1	3.35532	2.696
469.2	3.34740	3.034
469.3	3.34978	2.945
469.4	3.35020	2.845
469.5	3.34342	2.745
469.6	3.32794	2.644
469.7	3.31178	2.546
469.8	3.29229	2.445
469.9	3.27384	2.345
470.0	3.24440	2.693
470.1	3.23199	2.594
470.2	3.23161	2.942
470.3	3.23071	2.843
470.4	3.22541	2.742
470.5	3.22321	3.082
470.6	3.22430	2.991
470.7	3.22434	2.892
470.8	3.21569	2.791
470.9	3.21142	2.690
471.0	3.19654	3.031
471.1	3.20165	2.940
471.2	3.20205	2.840
471.3	3.20002	2.740
471.4	3.18699	2.640
471.5	3.16795	2.540
471.6	3.15065	2.440
471.7	3.12644	2.340
471.8	3.10882	2.688
471.9	3.09223	2.588
472.0	3.08850	2.937
472.1	3.08613	2.837
472.2	3.07869	2.737
472.3	3.07675	3.080
472.4	3.08502	2.985
472.5	3.08742	2.886
472.6	3.08301	2.786
472.7	3.07447	2.686
472.8	3.06781	3.027
472.9	3.06855	2.935
473.0	3.06708	2.834
473.1	3.05608	2.735
473.2	3.04555	2.634
473.3	3.03392	2.535
473.4	3.01763	2.435
473.5	2.99263	2.334
473.6	2.97275	2.683
473.7	2.95965	2.583
473.8	2.95656	2.932
473.9	2.95558	2.832
474.0	2.95122	2.732
474.1	2.94897	3.077
474.2	2.95168	2.981
474.3	2.95131	2.880
474.4	2.94809	2.780
474.5	2.94012	2.681
474.6	2.93137	3.025
474.7	2.93677	2.929
474.8	2.93206	2.830
474.9	2.92740	2.729
475.0	2.91209	2.630
475.1	2.90147	2.530
475.2	2.88401	2.430
475.3	2.86031	2.329
475.4	2.84803	2.678
475.5	2.84058	2.578
475.6	2.83277	2.926
475.7	2.82698	2.827
475.8	2.82678	2.727
475.9	2.82310	3.074
476.0	2.82187	2.975
476.1	2.82643	2.876
476.2	2.82367	2.776
476.3	2.81425	2.676
476.4	2.80851	3.022
476.5	2.81088	2.924
476.6	2.80679	2.824
476.7	2.80049	2.724
476.8	2.79104	2.624
476.9	2.78236	2.524
477.0	2.75845	2.424
477.1	2.74092	2.324
477.2	2.72967	2.673
477.3	2.71596	2.572
477.4	2.71136	2.921
477.5	2.71095	2.822
477.6	2.70406	2.721
477.7	2.70029	3.070
477.8	2.70723	2.970
477.9	2.70363	2.870
478.0	2.70096	2.771
478.1	2.69227	2.670
478.2	2.69004	3.017
478.3	2.69055	2.919
478.4	2.68759	2.818
478.5	2.68472	2.719
478.6	2.67238	2.619
478.7	2.66016	2.518
478.8	2.64371	2.420
478.9	2.62116	2.768
479.0	2.61527	2.668
479.1	2.60705	2.568
479.2	2.59552	2.916
479.3	2.59475	2.816
479.4	2.58356	2.716
479.5	2.58592	3.065
479.6	2.58804	2.965
479.7	2.58886	2.866
479.8	2.58408	2.765
479.9	2.57843	2.666
480.0	2.56958	3.013
480.1	2.57504	2.913
480.2	2.57406	2.813
480.3	2.56673	2.713
480.4	2.56129	2.614
480.5	2.54405	2.513
480.6	2.52698	2.414
480.7	2.51453	2.763
480.8	2.50398	2.662
480.9	2.49440	2.562
481.0	2.48055	2.911
481.1	2.47844	2.811
481.2	2.47734	2.711
481.3	2.47668	3.060
481.4	2.47827	2.960
481.5	2.47491	2.859
481.6	2.47575	2.760
481.7	2.46967	2.660
481.8	2.46206	3.009
481.9	2.45859	2.908
482.0	2.46225	2.808
482.1	2.45604	2.708
482.2	2.44838	2.609
482.3	2.43658	2.509
482.4	2.41842	2.408
482.5	2.40854	2.757
482.6	2.39869	2.657
482.7	2.38796	2.557
482.8	2.37558	2.906
482.9	2.37206	2.806
483.0	2.36688	2.706
483.1	2.36831	3.054
483.2	2.37182	2.954
483.3	2.37289	2.855
483.4	2.36848	2.754
483.5	2.36030	2.655
483.6	2.35822	3.003
483.7	2.35839	2.904
483.8	2.35231	2.803
483.9	2.34992	2.703
484.0	2.34094	2.603
484.1	2.33042	2.503
484.2	2.31556	2.403
484.3	2.30525	2.752
484.4	2.29653	2.652
484.5	2.28438	2.552
484.6	2.27236	2.901
484.7	2.27028	2.801
484.8	2.26834	2.700
484.9	2.26488	3.049
485.0	2.26782	2.950
485.1	2.26865	2.850
485.2	2.26508	2.750
485.3	2.26119	2.649
485.4	2.25420	2.999
485.5	2.25688	2.898
485.6	2.25658	2.798
485.7	2.24883	2.698
485.8	2.24007	2.598
485.9	2.22838	2.498
486.0	2.21660	2.399
486.1	2.20447	2.747
486.2	2.20086	2.646
486.3	2.19156	2.547
486.4	2.17573	2.447
486.5	2.17234	2.796
486.6	2.16612	2.696
486.7	2.16992	3.044
486.8	2.16961	2.944
486.9	2.16959	2.844
487.0	2.16467	2.744
487.1	2.15928	2.644
487.2	2.15385	2.992
487.3	2.15782	2.893
487.4	2.15347	2.793
487.5	2.14790	2.693
487.6	2.14359	2.593
487.7	2.13554	2.493
487.8	2.11918	2.393
487.9	2.10892	2.741
488.0	2.10204	2.642
488.1	2.09808	2.991
488.2	2.09625	2.891
488.3	2.09665	2.791
488.4	2.08921	2.690
488.5	2.08044	2.591
488.6	2.07600	2.939
488.7	2.07455	2.839
488.8	2.07260	2.739
488.9	2.06397	2.639
489.0	2.06057	2.987
489.1	2.06067	2.888
489.2	2.06048	2.788
489.3	2.05613	2.688
489.4	2.04859	2.587
489.5	2.03830	2.488
489.6	2.02306	2.388
489.7	2.02078	2.736
489.8	2.01194	2.637
489.9	2.00687	2.985
490.0	2.00622	2.885
490.1	2.00475	2.785
490.2	1.99974	2.685
490.3	1.99471	2.585
490.4	1.98334	2.934
490.5	1.98332	2.834
490.6	1.98018	2.734
490.7	1.97382	2.634
490.8	1.96949	2.983
490.9	1.97092	2.882
491.0	1.96775	2.782
491.1	1.96509	2.683
491.2	1.95870	2.583
491.3	1.94801	2.482
491.4	1.93506	2.831
491.5	1.93090	2.731
491.6	1.92765	2.631
491.7	1.91951	2.980
491.8	1.91832	2.880
491.9	1.91669	2.780
492.0	1.91473	2.680
492.1	1.90624	2.580
492.2	1.89568	2.929
492.3	1.89638	2.828
492.4	1.89511	2.729
492.5	1.88621	2.629
492.6	1.88294	2.977
492.7	1.88586	2.877
492.8	1.88088	2.777
492.9	1.88158	2.677
493.0	1.87275	2.577
493.1	1.86187	2.477
493.2	1.85124	2.826
493.3	1.84852	2.726
493.4	1.84325	2.627
493.5	1.83595	2.974
493.6	1.83420	2.875
493.7	1.83238	2.774
493.8	1.82939	2.675
493.9	1.82584	3.007
494.0	1.82866	2.921
494.1	1.82625	2.823
494.2	1.82253	2.724
494.3	1.81776	2.624
494.4	1.80754	2.523
494.5	1.80082	2.873
494.6	1.79984	2.772
494.7	1.79641	2.672
494.8	1.78756	2.572
494.9	1.77947	2.472
495.0	1.77014	2.821
495.1	1.76722	2.721
495.2	1.76334	2.621
495.3	1.75686	2.969
495.4	1.75584	2.869
495.5	1.75178	2.770
495.6	1.74787	2.670
495.7	1.74591	3.005
495.8	1.74650	2.918
495.9	1.74606	2.818
496.0	1.74231	2.719
496.1	1.73604	2.618
496.2	1.73036	2.518
496.3	1.72228	2.867
496.4	1.71923	2.767
496.5	1.71598	2.667
496.6	1.71111	2.567
496.7	1.70064	2.467
496.8	1.69381	2.816
496.9	1.69140	2.716
497.0	1.68656	2.615
497.1	1.67863	2.964
497.2	1.67822	2.864
497.3	1.67610	2.764
497.4	1.67380	2.665
497.5	1.66946	3.003
497.6	1.66830	2.913
497.7	1.67033	2.813
497.8	1.66664	2.713
497.9	1.66204	2.613
498.0	1.65799	2.953
498.1	1.65682	2.862
498.2	1.65467	2.762
498.3	1.65009	2.662
498.4	1.64453	2.562
498.5	1.63631	2.462
498.6	1.62310	2.362
498.7	1.61635	2.710
498.8	1.61092	2.611
498.9	1.60305	2.511
499.0	1.60398	2.859
499.1	1.60233	2.759
499.2	1.59647	2.659
499.3	1.59615	3.000
499.4	1.59792	2.908
499.5	1.59543	2.808
499.6	1.59227	2.708
499.7	1.58765	2.608
499.8	1.58389	2.950
499.9	1.58396	2.856
500.0	1.58281	2.757
500.1	1.57676	2.657
500.2	1.57189	2.557
500.3	1.56160	2.457
500.4	1.55358	2.356
500.5	1.54683	2.706
500.6	1.54144	2.605
500.7	1.53392	2.505
500.8	1.53328	2.854
500.9	1.53261	2.754
501.0	1.52786	2.654
501.1	1.52701	2.997
501.2	1.52904	2.903
501.3	1.52625	2.803
501.4	1.52375	2.703
501.5	1.51862	2.603
501.6	1.51357	2.948
501.7	1.51414	2.851
501.8	1.51519	2.752
501.9	1.50914	2.651
502.0	1.50392	2.551
502.1	1.49466	2.451
502.2	1.48508	2.351
502.3	1.47963	2.700
502.4	1.47455	2.600
502.5	1.46898	2.500
502.6	1.46691	2.849
502.7	1.46564	2.748
502.8	1.45992	2.649
502.9	1.45942	2.995
503.0	1.45986	2.898
503.1	1.46034	2.797
503.2	1.45679	2.697
503.3	1.45171	2.598
503.4	1.44989	2.945
503.5	1.44976	2.846
503.6	1.44616	2.746
503.7	1.44392	2.646
503.8	1.43625	2.547
503.9	1.42988	2.446
504.0	1.42367	2.795
504.1	1.42132	2.695
504.2	1.41726	2.595
504.3	1.40984	2.495
504.4	1.40113	2.844
504.5	1.39940	2.744
504.6	1.39591	2.644
504.7	1.39521	2.992
504.8	1.39536	2.892
504.9	1.39378	2.793
505.0	1.39096	2.692
505.1	1.38692	2.592
505.2	1.38499	2.941
505.3	1.38522	2.841
505.4	1.38336	2.741
505.5	1.37909	2.641
505.6	1.37300	2.541
505.7	1.36482	2.441
505.8	1.36141	2.790
505.9	1.35892	2.690
506.0	1.35484	2.590
506.1	1.34744	2.490
506.2	1.33933	2.838
506.3	1.33766	2.739
506.4	1.33373	2.639
506.5	1.33446	2.987
506.6	1.33295	2.887
506.7	1.33312	2.787
506.8	1.32930	2.687
506.9	1.32489	2.587
507.0	1.32295	2.936
507.1	1.32296	2.836
507.2	1.32031	2.736
507.3	1.31826	2.636
507.4	1.31216	2.536
507.5	1.30524	2.436
507.6	1.30284	2.785
507.7	1.30049	2.684
507.8	1.29517	2.584
507.9	1.28847	2.484
508.0	1.28078	2.385
508.1	1.27816	2.733
508.2	1.27416	2.633
508.3	1.27444	2.982
508.4	1.27434	2.882
508.5	1.27495	2.782
508.6	1.27158	2.682
508.7	1.26810	2.582
508.8	1.26625	2.931
508.9	1.26445	2.831
509.0	1.26277	2.731
509.1	1.26025	2.631
509.2	1.25443	2.531
509.3	1.24753	2.431
509.4	1.24566	2.779
509.5	1.24370	2.680
509.6	1.24022	2.579
509.7	1.23249	2.479
509.8	1.22488	2.380
509.9	1.22121	2.728
510.0	1.21839	2.628
510.1	1.21827	2.977
510.2	1.21865	2.877
510.3	1.21758	2.777
510.4	1.21585	2.677
510.5	1.21084	2.577
510.6	1.20957	2.926
510.7	1.21001	2.826
510.8	1.20738	2.725
510.9	1.20471	2.625
511.0	1.19925	2.526
511.1	1.19233	2.874
511.2	1.19214	2.774
511.3	1.18925	2.674
511.4	1.18500	2.574
511.5	1.17937	2.475
511.6	1.17005	2.375
511.7	1.16768	2.723
511.8	1.16476	2.623
511.9	1.16521	2.972
512.0	1.16582	2.872
512.1	1.16344	2.771
512.2	1.16076	2.672
512.3	1.15844	2.572
512.4	1.15627	2.920
512.5	1.15564	2.821
512.6	1.15371	2.720
512.7	1.15064	2.621
512.8	1.14626	2.520
512.9	1.14061	2.869
513.0	1.13946	2.769
513.1	1.13775	2.669
513.2	1.13343	2.569
513.3	1.12719	2.469
513.4	1.11853	2.369
513.5	1.11685	2.718
513.6	1.11364	2.618
513.7	1.11343	2.966
513.8	1.11353	2.866
513.9	1.11272	2.767
514.0	1.11036	2.666
514.1	1.10477	2.567
514.2	1.10543	2.915
514.3	1.10554	2.815
514.4	1.10339	2.715
514.5	1.09976	2.615
514.6	1.09523	2.515
514.7	1.09076	2.864
514.8	1.09006	2.764
514.9	1.08800	2.664
515.0	1.08366	2.564
515.1	1.07825	2.464
515.2	1.07097	2.364
515.3	1.06725	2.713
515.4	1.06323	2.612
515.5	1.06374	2.961
515.6	1.06454	2.861
515.7	1.06359	2.761
515.8	1.06171	2.661
515.9	1.05657	2.561
516.0	1.05539	2.910
516.1	1.05526	2.810
516.2	1.05479	2.710
516.3	1.05090	2.610
516.4	1.04666	2.510
516.5	1.04288	2.859
516.6	1.04175	2.759
516.7	1.04036	2.659
516.8	1.03633	2.559
516.9	1.03101	2.459
517.0	1.02357	2.359
517.1	1.01896	2.707
517.2	1.01647	2.608
517.3	1.01675	2.956
517.4	1.01655	2.856
517.5	1.01683	2.756
517.6	1.01356	2.656
517.7	1.01013	2.556
517.8	1.00935	2.905
517.9	1.01034	2.805
518.0	1.00701	2.705
518.1	1.00426	2.605
518.2	1.00030	2.505
518.3	0.99786	2.853
518.4	0.99625	2.754
518.5	0.99457	2.653
518.6	0.99134	2.554
518.7	0.98521	2.453
518.8	0.97779	2.354
518.9	0.97473	2.702
519.0	0.97108	2.602
519.1	0.97225	2.951
519.2	0.97239	2.851
519.3	0.97148	2.751
519.4	0.96910	2.651
519.5	0.96462	2.551
519.6	0.95989	2.451
519.7	0.95431	2.800
519.8	0.95298	2.700
519.9	0.95326	3.038
520.0	0.95436	2.948
520.1	0.95521	2.849
520.2	0.95359	2.748
520.3	0.95074	2.648
520.4	0.94713	2.549
520.5	0.94197	2.897
520.6	0.94243	2.797
520.7	0.93988	2.697
520.8	0.93743	2.597
520.9	0.93320	2.497
521.0	0.92998	2.846
521.1	0.92869	2.746
521.2	0.92697	2.646
521.3	0.92345	2.546
521.4	0.91816	2.446
521.5	0.91362	2.794
521.6	0.91134	2.695
521.7	0.91159	3.035
521.8	0.91281	2.943
521.9	0.91297	2.843
522.0	0.91253	2.743
522.1	0.91010	2.643
522.2	0.90692	2.543
522.3	0.90167	2.443
522.4	0.90112	2.792
522.5	0.89981	2.692
522.6	0.89672	2.592
522.7	0.89192	2.492
522.8	0.89138	2.841
522.9	0.89018	2.740
523.0	0.88741	2.641
523.1	0.88445	2.541
523.2	0.87993	2.440
523.3	0.87506	2.789
523.4	0.87326	2.689
523.5	0.87330	3.020
523.6	0.87456	2.934
523.7	0.87455	2.838
523.8	0.87318	2.738
523.9	0.87165	2.638
524.0	0.86768	2.538
524.1	0.86311	2.438
524.2	0.86108	2.787
524.3	0.86023	2.687
524.4	0.85692	2.587
524.5	0.85246	2.486
524.6	0.84789	2.835
524.7	0.84741	2.735
524.8	0.84566	2.636
524.9	0.84198	2.536
525.0	0.83717	2.435
525.1	0.83394	2.784
525.2	0.83299	2.684
525.3	0.83242	3.019
525.4	0.83399	2.933
525.5	0.83371	2.833
525.6	0.83284	2.733
525.7	0.83037	2.633
525.8	0.82687	2.533
525.9	0.82238	2.433
526.0	0.82131	2.782
526.1	0.81993	2.682
526.2	0.81676	2.581
526.3	0.81645	2.914
526.4	0.81549	2.829
526.5	0.81536	2.730
526.6	0.81277	2.630
526.7	0.80946	2.530
526.8	0.80491	2.430
526.9	0.79871	2.330
527.0	0.79478	2.679
527.1	0.79575	3.017
527.2	0.79632	2.928
527.3	0.79615	2.828
527.4	0.79541	2.728
527.5	0.79306	2.628
527.6	0.79010	2.528
527.7	0.78552	2.427
527.8	0.78484	2.776
527.9	0.78250	2.676
528.0	0.78017	2.576
528.1	0.77906	2.913
528.2	0.77942	2.825
528.3	0.77833	2.725
528.4	0.77612	2.625
528.5	0.77314	2.525
528.6	0.76860	2.425
528.7	0.76288	2.325
528.8	0.75968	2.674
528.9	0.76043	3.014
529.0	0.76184	2.922
529.1	0.76110	2.823
529.2	0.76047	2.723
529.3	0.75820	2.622
529.4	0.75561	2.522
529.5	0.75042	2.422
529.6	0.74973	2.771
529.7	0.74772	2.671
529.8	0.74596	2.571
529.9	0.74499	2.911
530.0	0.74495	2.820
530.1	0.74415	2.720
530.2	0.74220	2.620
530.3	0.73849	2.520
530.4	0.73468	2.420
530.5	0.72912	2.320
530.6	0.72588	2.669
530.7	0.72732	3.012
530.8	0.72755	2.917
530.9	0.72804	2.817
531.0	0.72697	2.717
531.1	0.72511	2.617
531.2	0.72212	2.517
531.3	0.71743	2.417
531.4	0.71664	2.766
531.5	0.71497	2.666
531.6	0.71240	2.566
531.7	0.71203	2.909
531.8	0.71253	2.815
531.9	0.71130	2.715
532.0	0.70906	2.614
532.1	0.70606	2.515
532.2	0.70219	2.415
532.3	0.69989	2.763
532.4	0.69926	2.663
532.5	0.69696	2.563
532.6	0.69636	2.912
532.7	0.69565	2.812
532.8	0.69489	2.712
532.9	0.69306	2.612
533.0	0.69013	2.512
533.1	0.68602	2.412
533.2	0.68497	2.761
533.3	0.68314	2.661
533.4	0.68064	2.561
533.5	0.68071	2.906
533.6	0.68079	2.810
533.7	0.67976	2.710
533.8	0.67775	2.609
533.9	0.67448	2.509
534.0	0.67061	2.409
534.1	0.66957	2.758
534.2	0.66876	2.658
534.3	0.66620	2.558
534.4	0.66575	2.907
534.5	0.66555	2.807
534.6	0.66452	2.707
534.7	0.66210	2.607
534.8	0.65950	2.507
534.9	0.65567	2.407
535.0	0.65455	2.756
535.1	0.65316	2.656
535.2	0.65085	2.556
535.3	0.65066	2.904
535.4	0.65121	2.804
535.5	0.64971	2.704
535.6	0.64787	2.604
535.7	0.64462	2.504
535.8	0.64114	2.853
535.9	0.64076	2.753
536.0	0.63936	2.653
536.1	0.63933	2.971
536.2	0.63985	2.885
536.3	0.63918	2.801
536.4	0.63861	2.702
536.5	0.63650	2.602
536.6	0.63335	2.502
536.7	0.62997	2.402
536.8	0.62504	2.302
536.9	0.62377	2.650
537.0	0.62147	2.551
537.1	0.62208	2.899
537.2	0.62183	2.799
537.3	0.62023	2.699
537.4	0.61915	2.599
537.5	0.61565	2.499
537.6	0.61346	2.848
537.7	0.61278	2.748
537.8	0.61095	2.648
537.9	0.61165	2.968
538.0	0.61200	2.883
538.1	0.61157	2.797
538.2	0.61070	2.696
538.3	0.60887	2.596
538.4	0.60628	2.497
538.5	0.60239	2.397
538.6	0.59739	2.297
538.7	0.59606	2.645
538.8	0.59407	2.545
538.9	0.59468	2.894
539.0	0.59393	2.794
539.1	0.59309	2.694
539.2	0.59130	2.594
539.3	0.58859	2.494
539.4	0.58667	2.843
539.5	0.58612	2.743
539.6	0.58449	2.643
539.7	0.58521	2.965
539.8	0.58526	2.880
539.9	0.58491	2.791
540.0	0.58446	2.691
540.1	0.58232	2.591
540.2	0.57975	2.491
540.3	0.57592	2.392
540.4	0.57143	2.291
540.5	0.56990	2.640
540.6	0.56749	2.984
540.7	0.56805	2.889
540.8	0.56796	2.789
540.9	0.56697	2.689
541.0	0.56551	2.589
541.1	0.56275	2.489
541.2	0.56112	2.837
541.3	0.56065	2.738
541.4	0.55905	2.637
541.5	0.55963	2.963
541.6	0.55967	2.878
541.7	0.55994	2.786
541.8	0.55852	2.686
541.9	0.55664	2.586
542.0	0.55448	2.486
542.1	0.55288	2.795
542.2	0.55182	2.710
542.3	0.55050	2.625
542.4	0.54810	2.535
542.5	0.54527	2.435
542.6	0.54148	2.784
542.7	0.54068	2.684
542.8	0.53898	2.583
542.9	0.53668	2.484
543.0	0.53554	2.832
543.1	0.53523	2.732
543.2	0.53392	2.632
543.3	0.53411	2.961
543.4	0.53456	2.875
543.5	0.53416	2.781
543.6	0.53360	2.681
543.7	0.53128	2.581
543.8	0.52924	2.481
543.9	0.52811	2.792
544.0	0.52718	2.708
544.1	0.52571	2.623
544.2	0.52356	2.530
544.3	0.52083	2.429
544.4	0.51733	2.778
544.5	0.51637	2.678
544.6	0.51464	2.579
544.7	0.51225	2.479
544.8	0.51172	2.827
544.9	0.51107	2.727
545.0	0.51000	3.045
545.1	0.51067	2.958
545.2	0.51129	2.873
545.3	0.51073	2.776
545.4	0.50948	2.676
545.5	0.50803	2.576
545.6	0.50573	2.476
545.7	0.50484	2.790
545.8	0.50397	2.705
545.9	0.50271	2.621
546.0	0.50038	2.525
546.1	0.49789	2.425
546.2	0.49414	2.773
546.3	0.49335	2.673
546.4	0.49193	2.573
546.5	0.48944	2.473
546.6	0.48929	2.822
546.7	0.48865	2.722
546.8	0.48769	3.042
546.9	0.48853	2.956
547.0	0.48876	2.870
547.1	0.48863	2.770
547.2	0.48757	2.670
547.3	0.48596	2.571
547.4	0.48356	2.471
547.5	0.48291	2.787
547.6	0.48190	2.703
547.7	0.48056	2.618
547.8	0.47905	2.519
547.9	0.47611	2.419
548.0	0.47278	2.319
548.1	0.47176	2.668
548.2	0.47010	2.568
548.3	0.46788	2.917
548.4	0.46779	2.817
548.5	0.46758	2.717
548.6	0.46666	3.039
548.7	0.46716	2.953
548.8	0.46745	2.865
548.9	0.46706	2.765
549.0	0.46610	2.665
549.1	0.46440	2.565
549.2	0.46244	2.465
549.3	0.46188	2.785
549.4	0.46147	2.700
549.5	0.45962	2.614
549.6	0.45802	2.514
549.7	0.45527	2.414
549.8	0.45187	2.314
549.9	0.45120	2.663
550.0	0.44930	2.563
550.1	0.44746	2.912
550.2	0.44736	2.812
550.3	0.44687	2.712
550.4	0.44634	3.037
550.5	0.44675	2.951
550.6	0.44727	2.860
550.7	0.44688	2.760
550.8	0.44596	2.660
550.9	0.44448	2.560
551.0	0.44220	2.868
551.1	0.44193	2.782
551.2	0.44115	2.697
551.3	0.43991	2.609
551.4	0.43825	2.509
551.5	0.43539	2.409
551.6	0.43260	2.309
551.7	0.43113	2.658
551.8	0.42969	2.558
551.9	0.42830	2.907
552.0	0.42797	2.806
552.1	0.42760	2.707
552.2	0.42710	3.034
552.3	0.42766	2.948
552.4	0.42775	2.855
552.5	0.42736	2.755
552.6	0.42639	2.655
552.7	0.42486	2.555
552.8	0.42300	2.865
552.9	0.42292	2.779
553.0	0.42198	2.695
553.1	0.42105	2.604
553.2	0.41888	2.504
553.3	0.41656	2.404
553.4	0.41339	2.304
553.5	0.41194	2.652
553.6	0.41076	2.553
553.7	0.40979	2.901
553.8	0.40933	2.801
553.9	0.40898	2.701
554.0	0.40846	3.031
554.1	0.40886	2.945
554.2	0.40902	2.850
554.3	0.40876	2.750
554.4	0.40795	2.650
554.5	0.40650	2.550
554.6	0.40460	2.862
554.7	0.40424	2.777
554.8	0.40373	2.692
554.9	0.40261	2.599
555.0	0.40077	2.499
555.1	0.39825	2.398
555.2	0.39551	2.298
555.3	0.39400	2.647
555.4	0.39263	2.547
555.5	0.39176	2.896
555.6	0.39179	2.796
555.7	0.39119	2.696
555.8	0.39039	3.029
555.9	0.39093	2.943
556.0	0.39102	2.845
556.1	0.39061	2.745
556.2	0.38995	2.645
556.3	0.38844	2.545
556.4	0.38698	2.860
556.5	0.38680	2.774
556.6	0.38585	2.690
556.7	0.38493	2.593
556.8	0.38318	2.493
556.9	0.38067	2.393
557.0	0.37789	2.294
557.1	0.37649	2.642
557.2	0.37516	2.542
557.3	0.37451	2.891
557.4	0.37441	2.791
557.5	0.37380	2.691
557.6	0.37321	3.027
557.7	0.37377	2.940
557.8	0.37376	2.840
557.9	0.37348	2.739
558.0	0.37257	2.639
558.1	0.37123	2.539
558.2	0.37007	2.857
558.3	0.36970	2.772
558.4	0.36907	2.687
558.5	0.36806	2.588
558.6	0.36631	2.488
558.7	0.36404	2.834
558.8	0.36383	2.737
558.9	0.36300	2.637
559.0	0.36170	2.537
559.1	0.35966	2.437
559.2	0.35812	2.786
559.3	0.35761	2.686
559.4	0.35690	3.025
559.5	0.35734	2.935
559.6	0.35765	2.834
559.7	0.35729	2.734
559.8	0.35619	2.634
559.9	0.35495	2.535
560.0	0.35400	2.855
560.1	0.35381	2.769
560.2	0.35306	2.683
560.3	0.35173	2.583
560.4	0.35044	2.483
560.5	0.34826	2.831
560.6	0.34774	2.732
560.7	0.34690	2.632
560.8	0.34563	2.532
560.9	0.34378	2.432
561.0	0.34250	2.780
561.1	0.34198	2.681
561.2	0.34141	3.022
561.3	0.34178	2.929
561.4	0.34184	2.829
561.5	0.34150	2.729
561.6	0.34063	2.629
561.7	0.33925	2.529
561.8	0.33837	2.853
561.9	0.33826	2.767
562.0	0.33773	2.678
562.1	0.33637	2.578
562.2	0.33498	2.478
562.3	0.33312	2.827
562.4	0.33248	2.727
562.5	0.33185	2.627
562.6	0.33036	2.527
562.7	0.32869	2.427
562.8	0.32751	2.776
562.9	0.32681	2.676
563.0	0.32653	3.020
563.1	0.32690	2.924
563.2	0.32679	2.824
563.3	0.32657	2.724
563.4	0.32559	2.624
563.5	0.32444	2.524
563.6	0.32364	2.850
563.7	0.32334	2.765
563.8	0.32266	2.673
563.9	0.32187	2.573
564.0	0.32035	2.473
564.1	0.31840	2.821
564.2	0.31785	2.721
564.3	0.31717	2.621
564.4	0.31599	2.521
564.5	0.31529	2.870
564.6	0.31531	2.770
564.7	0.31447	2.670
564.8	0.31345	2.570
564.9	0.31238	2.919
565.0	0.31249	2.819
565.1	0.31218	2.719
565.2	0.31140	2.619
565.3	0.30993	2.519
565.4	0.30930	2.848
565.5	0.30926	2.762
565.6	0.30853	2.668
565.7	0.30764	2.568
565.8	0.30608	2.467
565.9	0.30425	2.816
566.0	0.30381	2.716
566.1	0.30303	2.616
566.2	0.30188	2.516
566.3	0.30152	2.865
566.4	0.30138	2.765
566.5	0.30084	2.665
566.6	0.29977	2.565
566.7	0.29886	2.914
566.8	0.29896	2.814
566.9	0.29832	2.714
567.0	0.29746	2.614
567.1	0.29632	2.514
567.2	0.29574	2.846
567.3	0.29569	2.760
567.4	0.29503	2.662
567.5	0.29409	2.562
567.6	0.29254	2.462
567.7	0.29085	2.362
567.8	0.28818	2.262
567.9	0.28793	3.042
568.0	0.28831	2.955
568.1	0.28848	2.860
568.2	0.28836	2.760
568.3	0.28777	2.660
568.4	0.28681	2.560
568.5	0.28605	2.909
568.6	0.28594	2.809
568.7	0.28556	2.709
568.8	0.28471	2.609
568.9	0.28358	2.509
569.0	0.28334	2.843
569.1	0.28310	2.757
569.2	0.28235	2.657
569.3	0.28143	2.557
569.4	0.28010	2.457
569.5	0.27825	2.357
569.6	0.27594	2.257
569.7	0.27570	3.039
569.8	0.27612	2.952
569.9	0.27621	2.855
570.0	0.27600	2.755
570.1	0.27539	2.655
570.2	0.27506	2.976
570.3	0.27527	2.891
570.4	0.27512	2.803
570.5	0.27486	2.703
570.6	0.27427	2.603
570.7	0.27291	2.503
570.8	0.27127	2.403
570.9	0.27078	2.752
571.0	0.27017	2.652
571.1	0.26924	2.552
571.2	0.26790	2.452
571.3	0.26588	2.352
571.4	0.26375	2.252
571.5	0.26379	3.036
571.6	0.26415	2.950
571.7	0.26429	2.849
571.8	0.26404	2.749
571.9	0.26355	2.650
572.0	0.26316	2.974
572.1	0.26344	2.888
572.2	0.26337	2.798
572.3	0.26300	2.698
572.4	0.26213	2.598
572.5	0.26096	2.498
572.6	0.25959	2.398
572.7	0.25899	2.747
572.8	0.25840	2.647
572.9	0.25741	2.547
573.0	0.25619	2.447
573.1	0.25445	2.347
573.2	0.25214	2.247
573.3	0.25244	3.033
573.4	0.25290	2.944
573.5	0.25292	2.844
573.6	0.25277	2.744
573.7	0.25217	2.644
573.8	0.25187	2.971
573.9	0.25201	2.885
574.0	0.25205	2.793
574.1	0.25165	2.693
574.2	0.25081	2.593
574.3	0.24967	2.493
574.4	0.24822	2.393
574.5	0.24782	2.742
574.6	0.24722	2.642
574.7	0.24628	2.542
574.8	0.24504	2.442
574.9	0.24340	2.342
575.0	0.24131	2.690
575.1	0.24157	3.031
575.2	0.24193	2.939
575.3	0.24194	2.839
575.4	0.24182	2.739
575.5	0.24116	2.639
575.6	0.24103	2.968
575.7	0.24119	2.882
575.8	0.24119	2.788
575.9	0.24073	2.688
576.0	0.24001	2.588
576.1	0.23893	2.488
576.2	0.23855	2.803
576.3	0.23825	2.718
576.4	0.23759	2.634
576.5	0.23672	2.536
576.6	0.23541	2.437
576.7	0.23374	2.336
576.8	0.23174	2.236
576.9	0.23106	3.028
577.0	0.23135	2.934
577.1	0.23139	2.834
577.2	0.23117	2.734
577.3	0.23067	2.634
577.4	0.23055	2.966
577.5	0.23078	2.879
577.6	0.23056	2.783
577.7	0.23031	2.682
577.8	0.22957	2.583
577.9	0.22848	2.483
578.0	0.22816	2.801
578.1	0.22789	2.715
578.2	0.22733	2.631
578.3	0.22646	2.531
578.4	0.22514	2.431
578.5	0.22361	2.331
578.6	0.22151	2.231
578.7	0.22104	3.026
578.8	0.22129	2.929
578.9	0.22139	2.829
579.0	0.22116	2.729
579.1	0.22057	2.629
579.2	0.22050	2.963
579.3	0.22069	2.877
579.4	0.22063	2.777
579.5	0.22022	2.678
579.6	0.21945	2.578
579.7	0.21857	2.478
579.8	0.21839	2.798
579.9	0.21793	2.713
580.0	0.21743	2.626
580.1	0.21662	2.526
580.2	0.21549	2.426
580.3	0.21389	2.326
580.4	0.21198	2.226
580.5	0.21148	3.023
580.6	0.21177	2.923
580.7	0.21178	2.824
580.8	0.21160	2.723
580.9	0.21104	2.624
581.0	0.21102	2.960
581.1	0.21109	2.872
581.2	0.21111	2.772
581.3	0.21065	2.672
581.4	0.21003	2.572
581.5	0.20899	2.472
581.6	0.20886	2.795
581.7	0.20863	2.710
581.8	0.20804	2.621
581.9	0.20728	2.521
582.0	0.20611	2.421
582.1	0.20459	2.321
582.2	0.20271	2.221
582.3	0.20240	3.018
582.4	0.20264	2.918
582.5	0.20270	2.818
582.6	0.20237	2.718
582.7	0.20193	2.619
582.8	0.20194	2.957
582.9	0.20210	2.867
583.0	0.20187	2.767
583.1	0.20158	2.667
583.2	0.20094	2.567
583.3	0.19986	2.878
583.4	0.19978	2.793
583.5	0.19961	2.707
583.6	0.19906	2.616
583.7	0.19834	2.516
583.8	0.19717	2.416
583.9	0.19566	2.316
584.0	0.19388	2.216
584.1	0.19361	3.013
584.2	0.19380	2.913
584.3	0.19389	2.813
584.4	0.19353	2.713
584.5	0.19306	2.613
584.6	0.19309	2.955
584.7	0.19321	2.862
584.8	0.19305	2.762
584.9	0.19272	2.662
585.0	0.19200	2.562
585.1	0.19123	2.876
585.2	0.19118	2.790
585.3	0.19089	2.705
585.4	0.19039	2.611
585.5	0.18955	2.510
585.6	0.18855	2.411
585.7	0.18709	2.311
585.8	0.18529	2.211
585.9	0.18513	3.008
586.0	0.18526	2.908
586.1	0.18528	2.808
586.2	0.18504	2.708
586.3	0.18448	2.608
586.4	0.18460	2.953
586.5	0.18476	2.857
586.6	0.18460	2.757
586.7	0.18428	2.657
586.8	0.18358	2.557
586.9	0.18290	2.874
587.0	0.18291	2.788
587.1	0.18256	2.703
587.2	0.18207	2.605
587.3	0.18124	2.505
587.4	0.18030	2.405
587.5	0.17893	2.305
587.6	0.17723	2.206
587.7	0.17700	3.003
587.8	0.17721	2.903
587.9	0.17715	2.803
588.0	0.17688	2.703
588.1	0.17647	2.603
588.2	0.17663	2.950
588.3	0.17673	2.852
588.4	0.17653	2.752
588.5	0.17624	2.651
588.6	0.17555	2.551
588.7	0.17486	2.871
588.8	0.17493	2.785
588.9	0.17460	2.700
589.0	0.17408	2.600
589.1	0.17341	2.500
589.2	0.17234	2.400
589.3	0.17102	2.300
589.4	0.16939	2.200
589.5	0.16923	2.998
589.6	0.16945	2.898
589.7	0.16939	2.798
589.8	0.16914	2.698
589.9	0.16870	2.598
590.0	0.16887	2.946
590.1	0.16892	2.846
590.2	0.16879	2.746
590.3	0.16841	2.646
590.4	0.16787	2.546
590.5	0.16724	2.869
590.6	0.16727	2.783
590.7	0.16695	2.695
590.8	0.16648	2.595
590.9	0.16576	2.495
591.0	0.16480	2.395
591.1	0.16359	2.295
591.2	0.16196	2.195
591.3	0.16185	2.992
591.4	0.16194	2.893
591.5	0.16191	2.793
591.6	0.16164	2.692
591.7	0.16123	2.592
591.8	0.16144	2.941
591.9	0.16147	2.841
592.0	0.16133	2.741
592.1	0.16101	2.641
592.2	0.16042	2.541
592.3	0.15996	2.866
592.4	0.15987	2.781
592.5	0.15963	2.690
592.6	0.15915	2.590
592.7	0.15847	2.490
592.8	0.15759	2.390
592.9	0.15630	2.290
593.0	0.15569	2.639
593.1	0.15513	2.539
593.2	0.15489	2.887
593.3	0.15482	2.787
593.4	0.15452	2.687
593.5	0.15408	3.030
593.6	0.15434	2.936
593.7	0.15438	2.836
593.8	0.15423	2.736
593.9	0.15385	2.636
594.0	0.15332	2.536
594.1	0.15291	2.864
594.2	0.15286	2.778
594.3	0.15260	2.685
594.4	0.15216	2.585
594.5	0.15145	2.485
594.6	0.15051	2.385
594.7	0.14936	2.285
594.8	0.14886	2.633
594.9	0.14836	2.534
595.0	0.14797	2.882
595.1	0.14793	2.782
595.2	0.14770	2.682
595.3	0.14735	3.028
595.4	0.14758	2.931
595.5	0.14753	2.831
595.6	0.14745	2.731
595.7	0.14712	2.631
595.8	0.14651	2.531
595.9	0.14625	2.862
596.0	0.14615	2.776
596.1	0.14585	2.680
596.2	0.14544	2.580
596.3	0.14479	2.479
596.4	0.14390	2.379
596.5	0.14272	2.279
596.6	0.14243	2.628
596.7	0.14183	2.528
596.8	0.14152	2.877
596.9	0.14142	2.777
597.0	0.14118	2.677
597.1	0.14080	3.026
597.2	0.14099	2.926
597.3	0.14110	2.826
597.4	0.14090	2.726
597.5	0.14054	2.626
597.6	0.14000	2.526
597.7	0.13985	2.860
597.8	0.13975	2.774
597.9	0.13951	2.674
598.0	0.13906	2.574
598.1	0.13837	2.474
598.2	0.13755	2.374
598.3	0.13643	2.723
598.4	0.13613	2.623
598.5	0.13624	2.959
598.6	0.13635	2.872
598.7	0.13629	2.772
598.8	0.13602	2.672
598.9	0.13564	2.572
599.0	0.13495	2.472
599.1	0.13484	2.820
599.2	0.13468	2.721
599.3	0.13435	2.621
599.4	0.13379	2.521
599.5	0.13368	2.857
599.6	0.13361	2.769
599.7	0.13333	2.669
599.8	0.13292	2.569
599.9	0.13225	2.469
600.0	0.13142	2.369
600.1	0.13051	2.718
600.2	0.13014	2.618
600.3	0.13031	2.957
600.4	0.13037	2.867
600.5	0.13029	2.766
600.6	0.13006	2.667
600.7	0.12962	2.566
600.8	0.12898	2.467
600.9	0.12890	2.815
601.0	0.12877	2.715
601.1	0.12840	2.615
601.2	0.12789	2.515
601.3	0.12779	2.855
601.4	0.12773	2.764
601.5	0.12747	2.664
601.6	0.12701	2.564
601.7	0.12645	2.464
601.8	0.12560	2.364
601.9	0.12476	2.713
602.0	0.12444	2.613
602.1	0.12462	2.955
602.2	0.12465	2.862
602.3	0.12461	2.761
602.4	0.12432	2.661
602.5	0.12397	2.562
602.6	0.12403	2.898
602.7	0.12404	2.810
602.8	0.12389	2.710
602.9	0.12350	2.610
603.0	0.12304	2.510
603.1	0.12231	2.410
603.2	0.12210	2.759
603.3	0.12187	2.659
603.4	0.12143	2.559
603.5	0.12089	2.459
603.6	0.12006	2.359
603.7	0.11925	2.708
603.8	0.11896	2.608
603.9	0.11914	2.953
604.0	0.11922	2.856
604.1	0.11914	2.756
604.2	0.11888	2.656
604.3	0.11852	2.981
604.4	0.11864	2.895
604.5	0.11860	2.805
604.6	0.11848	2.705
604.7	0.11819	2.605
604.8	0.11763	2.505
604.9	0.11694	2.405
605.0	0.11674	2.754
605.1	0.11651	2.654
605.2	0.11612	2.554
605.3	0.11552	2.454
605.4	0.11477	2.354
605.5	0.11400	2.703
605.6	0.11377	3.037
605.7	0.11395	2.951
605.8	0.11403	2.851
605.9	0.11391	2.751
606.0	0.11366	2.651
606.1	0.11334	2.979
606.2	0.11345	2.893
606.3	0.11343	2.800
606.4	0.11327	2.700
606.5	0.11295	2.600
606.6	0.11245	2.500
606.7	0.11180	2.400
606.8	0.11164	2.749
606.9	0.11140	2.649
607.0	0.11099	2.548
607.1	0.11045	2.449
607.2	0.10968	2.349
607.3	0.10899	2.697
607.4	0.10878	3.035
607.5	0.10895	2.946
607.6	0.10900	2.846
607.7	0.10893	2.746
607.8	0.10867	2.646
607.9	0.10842	2.976
608.0	0.10846	2.890
608.1	0.10848	2.795
608.2	0.10833	2.695
608.3	0.10800	2.595
608.4	0.10757	2.495
608.5	0.10742	2.816
608.6	0.10730	2.730
608.7	0.10710	2.643
608.8	0.10662	2.543
608.9	0.10612	2.443
609.0	0.10542	2.343
609.1	0.10451	2.243
609.2	0.10400	3.033
609.3	0.10418	2.941
609.4	0.10418	2.841
609.5	0.10415	2.741
609.6	0.10390	2.641
609.7	0.10368	2.974
609.8	0.10369	2.888
609.9	0.10371	2.789
610.0	0.10354	2.690
610.1	0.10327	2.590
610.2	0.10279	2.489
610.3	0.10275	2.813
610.4	0.10262	2.728
610.5	0.10236	2.638
610.6	0.10199	2.538
610.7	0.10147	2.438
610.8	0.10074	2.338
610.9	0.09984	2.238
611.0	0.09943	3.031
611.1	0.09957	2.936
611.2	0.09960	2.836
611.3	0.09952	2.736
611.4	0.09930	2.636
611.5	0.09911	2.972
611.6	0.09915	2.884
611.7	0.09916	2.784
611.8	0.09900	2.684
611.9	0.09868	2.584
612.0	0.09825	2.484
612.1	0.09823	2.811
612.2	0.09815	2.725
612.3	0.09788	2.633
612.4	0.09752	2.533
612.5	0.09701	2.433
612.6	0.09637	2.333
612.7	0.09549	2.233
612.8	0.09509	3.029
612.9	0.09521	2.930
613.0	0.09526	2.830
613.1	0.09514	2.730
613.2	0.09488	2.630
613.3	0.09475	2.970
613.4	0.09482	2.879
613.5	0.09476	2.779
613.6	0.09466	2.679
613.7	0.09438	2.579
613.8	0.09398	2.894
613.9	0.09392	2.809
614.0	0.09387	2.723
614.1	0.09359	2.628
614.2	0.09327	2.528
614.3	0.09274	2.428
614.4	0.09214	2.752
614.5	0.09201	2.666
614.6	0.09168	2.577
614.7	0.09130	2.477
614.8	0.09084	2.825
614.9	0.09072	2.725
615.0	0.09052	2.625
615.1	0.09042	2.968
615.2	0.09048	2.874
615.3	0.09048	2.774
615.4	0.09028	2.674
615.5	0.08997	2.574
615.6	0.08956	2.474
615.7	0.08902	2.374
615.8	0.08853	2.723
615.9	0.08835	2.623
616.0	0.08799	2.925
616.1	0.08801	2.839
616.2	0.08797	2.753
616.3	0.08778	2.669
616.4	0.08752	2.571
616.5	0.08712	2.471
616.6	0.08676	2.820
616.7	0.08666	2.720
616.8	0.08645	2.620
616.9	0.08637	2.967
617.0	0.08644	2.869
617.1	0.08638	2.769
617.2	0.08623	2.669
617.3	0.08597	2.569
617.4	0.08556	2.469
617.5	0.08501	2.369
617.6	0.08465	2.717
617.7	0.08446	2.618
617.8	0.08418	2.922
617.9	0.08418	2.836
618.0	0.08416	2.751
618.1	0.08398	2.666
618.2	0.08370	2.566
618.3	0.08329	2.466
618.4	0.08293	2.815
618.5	0.08284	2.715
618.6	0.08264	2.615
618.7	0.08259	2.964
618.8	0.08263	2.864
618.9	0.08259	2.763
619.0	0.08247	2.664
619.1	0.08216	2.563
619.2	0.08182	2.464
619.3	0.08125	2.364
619.4	0.08105	2.712
619.5	0.08081	2.612
619.6	0.08058	2.919
619.7	0.08057	2.833
619.8	0.08054	2.748
619.9	0.08037	2.661
620.0	0.08010	2.561
620.1	0.07972	2.461
620.2	0.07929	2.810
620.3	0.07922	2.710
620.4	0.07901	2.610
620.5	0.07901	2.959
620.6	0.07908	2.858
620.7	0.07901	2.758
620.8	0.07885	2.658
620.9	0.07860	2.558
621.0	0.07818	2.458
621.1	0.07771	2.358
621.2	0.07758	2.707
621.3	0.07738	2.607
621.4	0.07715	2.916
621.5	0.07715	2.830
621.6	0.07707	2.745
621.7	0.07693	2.656
621.8	0.07667	2.556
621.9	0.07627	2.456
622.0	0.07586	2.805
622.1	0.07576	2.705
622.2	0.07557	2.604
622.3	0.07558	2.953
622.4	0.07563	2.853
622.5	0.07554	2.753
622.6	0.07541	2.653
622.7	0.07515	2.553
622.8	0.07480	2.453
622.9	0.07435	2.802
623.0	0.07426	2.702
623.1	0.07403	2.602
623.2	0.07385	2.914
623.3	0.07385	2.828
623.4	0.07378	2.742
623.5	0.07362	2.651
623.6	0.07336	2.551
623.7	0.07302	2.451
623.8	0.07256	2.800
623.9	0.07251	2.700
624.0	0.07228	2.600
624.1	0.07230	2.948
624.2	0.07232	2.848
624.3	0.07226	2.748
624.4	0.07212	2.648
624.5	0.07187	2.548
624.6	0.07153	2.448
624.7	0.07116	2.797
624.8	0.07107	2.697
624.9	0.07085	2.597
625.0	0.07067	2.911
625.1	0.07069	2.825
625.2	0.07061	2.739
625.3	0.07048	2.645
625.4	0.07022	2.546
625.5	0.06986	2.445
625.6	0.06942	2.794
625.7	0.06933	2.694
625.8	0.06912	2.594
625.9	0.06915	2.943
626.0	0.06918	2.843
626.1	0.06911	2.743
626.2	0.06894	2.643
626.3	0.06871	2.543
626.4	0.06835	2.443
626.5	0.06808	2.792
626.6	0.06796	2.692
626.7	0.06779	2.592
626.8	0.06767	2.908
626.9	0.06765	2.822
627.0	0.06760	2.737
627.1	0.06740	2.640
627.2	0.06720	2.540
627.3	0.06683	2.440
627.4	0.06639	2.789
627.5	0.06628	2.689
627.6	0.06608	2.589
627.7	0.06610	2.938
627.8	0.06615	2.838
627.9	0.06608	2.738
628.0	0.06593	2.638
628.1	0.06570	2.538
628.2	0.06535	2.438
628.3	0.06515	2.787
628.4	0.06504	2.686
628.5	0.06485	2.586
628.6	0.06472	2.905
628.7	0.06474	2.819
628.8	0.06467	2.734
628.9	0.06452	2.635
629.0	0.06428	2.535
629.1	0.06394	2.435
629.2	0.06349	2.335
629.3	0.06334	2.684
629.4	0.06318	2.584
629.5	0.06322	2.933
629.6	0.06324	2.833
629.7	0.06317	2.733
629.8	0.06302	2.633
629.9	0.06280	2.532
630.0	0.06244	2.433
630.1	0.06233	2.781
630.2	0.06221	2.681
630.3	0.06204	2.581
630.4	0.06194	2.903
630.5	0.06194	2.817
630.6	0.06188	2.730
630.7	0.06171	2.630
630.8	0.06151	2.530
630.9	0.06126	2.878
631.0	0.06120	2.779
631.1	0.06109	2.679
631.2	0.06093	2.579
631.3	0.06064	2.479
631.4	0.06046	2.827
631.5	0.06041	2.727
631.6	0.06025	2.627
631.7	0.06004	2.527
631.8	0.05971	2.427
631.9	0.05965	2.776
632.0	0.05955	2.676
632.1	0.05936	2.576
632.2	0.05927	2.900
632.3	0.05928	2.814
632.4	0.05920	2.725
632.5	0.05907	2.625
632.6	0.05882	2.525
632.7	0.05857	2.874
632.8	0.05857	2.773
632.9	0.05846	2.674
633.0	0.05825	2.573
633.1	0.05800	2.474
633.2	0.05781	2.822
633.3	0.05776	2.722
633.4	0.05761	2.622
633.5	0.05741	2.522
633.6	0.05708	2.871
633.7	0.05707	2.771
633.8	0.05696	2.671
633.9	0.05679	2.571
634.0	0.05671	2.897
634.1	0.05670	2.812
634.2	0.05664	2.719
634.3	0.05650	2.620
634.4	0.05627	2.520
634.5	0.05605	2.868
634.6	0.05603	2.768
634.7	0.05591	2.668
634.8	0.05572	2.568
634.9	0.05547	2.468
635.0	0.05528	2.817
635.1	0.05523	2.717
635.2	0.05509	2.617
635.3	0.05487	2.517
635.4	0.05464	2.866
635.5	0.05460	2.766
635.6	0.05449	2.666
635.7	0.05434	2.566
635.8	0.05426	2.895
635.9	0.05425	2.809
636.0	0.05418	2.714
636.1	0.05405	2.614
636.2	0.05384	2.515
636.3	0.05362	2.863
636.4	0.05357	2.763
636.5	0.05347	2.663
636.6	0.05331	2.563
636.7	0.05327	2.904
636.8	0.05325	2.812
636.9	0.05320	2.712
637.0	0.05304	2.612
637.1	0.05283	2.512
637.2	0.05254	2.412
637.3	0.05224	2.760
637.4	0.05214	2.660
637.5	0.05195	2.561
637.6	0.05190	2.893
637.7	0.05192	2.807
637.8	0.05183	2.709
637.9	0.05170	2.609
638.0	0.05150	2.509
638.1	0.05126	2.858
638.2	0.05124	2.758
638.3	0.05115	2.658
638.4	0.05096	2.558
638.5	0.05094	2.902
638.6	0.05096	2.807
638.7	0.05088	2.707
638.8	0.05075	2.607
638.9	0.05053	2.507
639.0	0.05024	2.407
639.1	0.04997	2.755
639.2	0.04988	2.655
639.3	0.04971	2.555
639.4	0.04967	2.890
639.5	0.04965	2.804
639.6	0.04961	2.704
639.7	0.04946	2.604
639.8	0.04926	2.504
639.9	0.04904	2.853
640.0	0.04900	2.753
640.1	0.04891	2.653
640.2	0.04874	2.553
640.3	0.04872	2.900
640.4	0.04872	2.801
640.5	0.04866	2.701
640.6	0.04854	2.601
640.7	0.04832	2.501
640.8	0.04810	2.849
640.9	0.04804	2.750
641.0	0.04796	2.650
641.1	0.04780	2.550
641.2	0.04755	2.450
641.3	0.04747	2.799
641.4	0.04742	2.699
641.5	0.04730	2.599
641.6	0.04710	2.499
641.7	0.04690	2.847
641.8	0.04685	2.748
641.9	0.04675	2.648
642.0	0.04657	2.548
642.1	0.04660	2.896
642.2	0.04659	2.796
642.3	0.04652	2.696
642.4	0.04639	2.596
642.5	0.04618	2.496
642.6	0.04601	2.845
642.7	0.04597	2.745
642.8	0.04588	2.645
642.9	0.04572	2.545
643.0	0.04549	2.445
643.1	0.04543	2.794
643.2	0.04536	2.694
643.3	0.04523	2.594
643.4	0.04503	2.494
643.5	0.04482	2.843
643.6	0.04480	2.742
643.7	0.04470	2.642
643.8	0.04455	2.542
643.9	0.04457	2.891
644.0	0.04455	2.791
644.1	0.04449	2.691
644.2	0.04435	2.591
644.3	0.04415	2.491
644.4	0.04403	2.840
644.5	0.04399	2.740
644.6	0.04389	2.640
644.7	0.04372	2.540
644.8	0.04352	2.440
644.9	0.04346	2.789
645.0	0.04339	2.689
645.1	0.04327	2.588
645.2	0.04307	2.489
645.3	0.04286	2.837
645.4	0.04283	2.737
645.5	0.04273	2.637
645.6	0.04259	2.537
645.7	0.04260	2.886
645.8	0.04261	2.786
645.9	0.04255	2.686
646.0	0.04242	2.586
646.1	0.04222	2.486
646.2	0.04214	2.835
646.3	0.04209	2.735
646.4	0.04201	2.635
646.5	0.04185	2.535
646.6	0.04177	2.852
646.7	0.04176	2.766
646.8	0.04170	2.681
646.9	0.04156	2.583
647.0	0.04139	2.483
647.1	0.04114	2.383
647.2	0.04094	2.732
647.3	0.04083	2.632
647.4	0.04072	2.977
647.5	0.04074	2.881
647.6	0.04071	2.781
647.7	0.04065	2.681
647.8	0.04052	2.581
647.9	0.04034	2.481
648.0	0.04030	2.829
648.1	0.04027	2.729
648.2	0.04016	2.630
648.3	0.04001	2.529
648.4	0.03997	2.849
648.5	0.03994	2.764
648.6	0.03986	2.678
648.7	0.03975	2.578
648.8	0.03957	2.478
648.9	0.03932	2.378
649.0	0.03914	2.727
649.1	0.03904	2.627
649.2	0.03892	2.975
649.3	0.03895	2.876
649.4	0.03892	2.775
649.5	0.03886	2.676
649.6	0.03874	2.576
649.7	0.03856	2.476
649.8	0.03853	2.824
649.9	0.03851	2.724
650.0	0.03841	2.624
650.1	0.03826	2.524
650.2	0.03825	2.847
650.3	0.03821	2.761
650.4	0.03814	2.673
650.5	0.03802	2.573
650.6	0.03785	2.473
650.7	0.03761	2.373
650.8	0.03742	2.722
650.9	0.03733	2.622
651.0	0.03722	2.971
651.1	0.03723	2.871
651.2	0.03721	2.771
651.3	0.03715	2.670
651.4	0.03703	2.571
651.5	0.03685	2.470
651.6	0.03687	2.819
651.7	0.03683	2.719
651.8	0.03673	2.619
651.9	0.03659	2.519
652.0	0.03659	2.844
652.1	0.03656	2.759
652.2	0.03648	2.668
652.3	0.03637	2.568
652.4	0.03620	2.468
652.5	0.03597	2.368
652.6	0.03577	2.717
652.7	0.03569	2.617
652.8	0.03558	2.965
652.9	0.03560	2.865
653.0	0.03558	2.765
653.1	0.03552	2.665
653.2	0.03541	2.565
653.3	0.03526	2.914
653.4	0.03526	2.814
653.5	0.03522	2.714
653.6	0.03513	2.614
653.7	0.03499	2.514
653.8	0.03500	2.842
653.9	0.03498	2.756
654.0	0.03491	2.663
654.1	0.03479	2.563
654.2	0.03462	2.463
654.3	0.03440	2.363
654.4	0.03429	2.711
654.5	0.03420	2.611
654.6	0.03413	2.960
654.7	0.03414	2.860
654.8	0.03413	2.760
654.9	0.03407	2.660
655.0	0.03394	2.560
655.1	0.03383	2.906
655.2	0.03385	2.809
655.3	0.03380	2.709
655.4	0.03371	2.609
655.5	0.03360	2.916
655.6	0.03360	2.830
655.7	0.03358	2.745
655.8	0.03351	2.657
655.9	0.03340	2.557
656.0	0.03323	2.458
656.1	0.03302	2.357
656.2	0.03279	2.706
656.3	0.03271	2.606
656.4	0.03263	2.955
656.5	0.03265	2.855
656.6	0.03263	2.755
656.7	0.03256	2.655
656.8	0.03245	2.555
656.9	0.03238	2.904
657.0	0.03236	2.804
657.1	0.03233	2.704
657.2	0.03225	2.604
657.3	0.03214	2.914
657.4	0.03215	2.828
657.5	0.03212	2.742
657.6	0.03206	2.652
657.7	0.03195	2.552
657.8	0.03178	2.452
657.9	0.03158	2.352
658.0	0.03135	2.701
658.1	0.03125	2.601
658.2	0.03120	2.950
658.3	0.03121	2.850
658.4	0.03118	2.750
658.5	0.03113	2.650
658.6	0.03101	2.550
658.7	0.03096	2.898
658.8	0.03095	2.799
658.9	0.03092	2.698
659.0	0.03084	2.598
659.1	0.03075	2.911
659.2	0.03076	2.825
659.3	0.03072	2.740
659.4	0.03066	2.647
659.5	0.03056	2.547
659.6	0.03041	2.447
659.7	0.03021	2.347
659.8	0.02997	2.696
659.9	0.02988	2.596
660.0	0.02983	2.945
660.1	0.02984	2.844
660.2	0.02981	2.745
660.3	0.02975	2.645
660.4	0.02966	2.545
660.5	0.02961	2.893
660.6	0.02961	2.793
660.7	0.02957	2.693
660.8	0.02948	2.593
660.9	0.02942	2.909
661.0	0.02942	2.823
661.1	0.02939	2.738
661.2	0.02933	2.642
661.3	0.02923	2.542
661.4	0.02909	2.442
661.5	0.02887	2.342
661.6	0.02863	2.691
661.7	0.02855	2.591
661.8	0.02843	2.491
661.9	0.02826	2.391
662.0	0.02818	2.739
662.1	0.02819	3.073
662.2	0.02824	2.986
662.3	0.02827	2.888
662.4	0.02826	2.788
662.5	0.02822	2.688
662.6	0.02813	2.588
662.7	0.02811	2.907
662.8	0.02811	2.822
662.9	0.02808	2.736
663.0	0.02802	2.637
663.1	0.02792	2.537
663.2	0.02777	2.437
663.3	0.02766	2.785
663.4	0.02761	2.685
663.5	0.02754	2.586
663.6	0.02741	2.486
663.7	0.02725	2.385
663.8	0.02704	2.285
663.9	0.02696	3.071
664.0	0.02701	2.983
664.1	0.02704	2.883
664.2	0.02703	2.783
664.3	0.02699	2.683
664.4	0.02690	2.583
664.5	0.02689	2.905
664.6	0.02689	2.819
664.7	0.02686	2.732
664.8	0.02680	2.632
664.9	0.02671	2.532
665.0	0.02655	2.432
665.1	0.02644	2.780
665.2	0.02641	2.680
665.3	0.02633	2.580
665.4	0.02621	2.480
665.5	0.02605	2.380
665.6	0.02584	2.280
665.7	0.02579	3.068
665.8	0.02585	2.978
665.9	0.02587	2.878
666.0	0.02585	2.778
666.1	0.02582	2.678
666.2	0.02573	2.578
666.3	0.02572	2.903
666.4	0.02572	2.817
666.5	0.02569	2.726
666.6	0.02563	2.627
666.7	0.02554	2.526
666.8	0.02540	2.426
666.9	0.02529	2.775
667.0	0.02526	2.675
667.1	0.02518	2.575
667.2	0.02505	2.475
667.3	0.02490	2.375
667.4	0.02471	2.275
667.5	0.02468	3.066
667.6	0.02473	2.973
667.7	0.02475	2.872
667.8	0.02473	2.773
667.9	0.02469	2.673
668.0	0.02461	2.573
668.1	0.02460	2.900
668.2	0.02461	2.814
668.3	0.02458	2.721
668.4	0.02453	2.621
668.5	0.02442	2.521
668.6	0.02429	2.421
668.7	0.02420	2.770
668.8	0.02415	2.670
668.9	0.02408	2.570
669.0	0.02397	2.470
669.1	0.02381	2.370
669.2	0.02377	2.719
669.3	0.02370	2.619
669.4	0.02365	2.967
669.5	0.02368	2.868
669.6	0.02366	2.767
669.7	0.02362	2.668
669.8	0.02354	2.567
669.9	0.02354	2.898
670.0	0.02354	2.812
670.1	0.02351	2.716
670.2	0.02346	2.616
670.3	0.02336	2.516
670.4	0.02324	2.416
670.5	0.02314	2.765
670.6	0.02310	2.665
670.7	0.02302	2.565
670.8	0.02292	2.465
670.9	0.02277	2.365
671.0	0.02274	2.714
671.1	0.02268	2.613
671.2	0.02263	2.962
671.3	0.02266	2.862
671.4	0.02263	2.762
671.5	0.02259	2.662
671.6	0.02252	2.562
671.7	0.02253	2.895
671.8	0.02253	2.810
671.9	0.02250	2.711
672.0	0.02244	2.611
672.1	0.02236	2.511
672.2	0.02222	2.411
672.3	0.02214	2.760
672.4	0.02210	2.660
672.5	0.02201	2.559
672.6	0.02191	2.460
672.7	0.02179	2.808
672.8	0.02177	2.708
672.9	0.02171	2.608
673.0	0.02167	2.957
673.1	0.02167	2.857
673.2	0.02165	2.757
673.3	0.02161	2.657
673.4	0.02154	2.557
673.5	0.02155	2.893
673.6	0.02155	2.806
673.7	0.02153	2.706
673.8	0.02147	2.606
673.9	0.02138	2.506
674.0	0.02126	2.406
674.1	0.02117	2.754
674.2	0.02114	2.654
674.3	0.02105	2.554
674.4	0.02096	2.455
674.5	0.02086	2.803
674.6	0.02084	2.703
674.7	0.02083	3.021
674.8	0.02086	2.934
674.9	0.02086	2.848
675.0	0.02085	2.752
675.1	0.02081	2.652
675.2	0.02073	2.552
675.3	0.02063	2.452
675.4	0.02062	2.800
675.5	0.02058	2.701
675.6	0.02054	2.601
675.7	0.02045	2.501
675.8	0.02033	2.401
675.9	0.02025	2.749
676.0	0.02021	2.649
676.1	0.02013	2.549
676.2	0.02003	2.449
676.3	0.01996	2.798
676.4	0.01993	2.698
676.5	0.01993	3.018
676.6	0.01996	2.932
676.7	0.01997	2.846
676.8	0.01996	2.747
676.9	0.01991	2.647
677.0	0.01985	2.547
677.1	0.01974	2.447
677.2	0.01973	2.795
677.3	0.01970	2.695
677.4	0.01964	2.595
677.5	0.01956	2.495
677.6	0.01944	2.395
677.7	0.01937	2.744
677.8	0.01932	2.644
677.9	0.01926	2.544
678.0	0.01916	2.444
678.1	0.01909	2.793
678.2	0.01907	2.693
678.3	0.01907	3.016
678.4	0.01910	2.929
678.5	0.01911	2.842
678.6	0.01909	2.742
678.7	0.01905	2.642
678.8	0.01898	2.541
678.9	0.01899	2.855
679.0	0.01898	2.770
679.1	0.01894	2.685
679.2	0.01888	2.590
679.3	0.01881	2.490
679.4	0.01870	2.390
679.5	0.01855	2.290
679.6	0.01847	2.639
679.7	0.01840	2.539
679.8	0.01830	2.439
679.9	0.01826	2.788
680.0	0.01823	2.688
680.1	0.01825	3.013
680.2	0.01828	2.927
680.3	0.01828	2.836
680.4	0.01826	2.736
680.5	0.01822	2.636
680.6	0.01816	2.939
680.7	0.01816	2.853
680.8	0.01815	2.767
680.9	0.01812	2.682
681.0	0.01807	2.585
681.1	0.01799	2.485
681.2	0.01788	2.385
681.3	0.01774	2.285
681.4	0.01766	2.634
681.5	0.01759	2.534
681.6	0.01750	2.434
681.7	0.01747	2.783
681.8	0.01744	2.683
681.9	0.01746	3.011
682.0	0.01748	2.924
682.1	0.01749	2.831
682.2	0.01747	2.731
682.3	0.01743	2.631
682.4	0.01737	2.937
682.5	0.01738	2.850
682.6	0.01737	2.765
682.7	0.01735	2.680
682.8	0.01729	2.580
682.9	0.01721	2.480
683.0	0.01710	2.380
683.1	0.01696	2.280
683.2	0.01688	2.629
683.3	0.01682	2.528
683.4	0.01673	2.428
683.5	0.01672	2.777
683.6	0.01668	2.677
683.7	0.01671	3.008
683.8	0.01673	2.922
683.9	0.01674	2.826
684.0	0.01672	2.726
684.1	0.01668	2.626
684.2	0.01662	2.934
684.3	0.01664	2.848
684.4	0.01662	2.762
684.5	0.01659	2.675
684.6	0.01654	2.575
684.7	0.01646	2.475
684.8	0.01639	2.774
684.9	0.01636	2.688
685.0	0.01632	2.604
685.1	0.01626	2.519
685.2	0.01616	2.423
685.3	0.01605	2.323
685.4	0.01593	2.672
685.5	0.01596	3.007
685.6	0.01598	2.920
685.7	0.01598	2.821
685.8	0.01596	2.721
685.9	0.01593	2.621
686.0	0.01589	2.932
686.1	0.01589	2.846
686.2	0.01588	2.761
686.3	0.01585	2.669
686.4	0.01580	2.570
686.5	0.01573	2.470
686.6	0.01567	2.772
686.7	0.01564	2.686
686.8	0.01560	2.602
686.9	0.01553	2.518
687.0	0.01545	2.418
687.1	0.01534	2.318
687.2	0.01524	2.667
687.3	0.01526	3.004
687.4	0.01528	2.916
687.5	0.01528	2.816
687.6	0.01527	2.716
687.7	0.01522	2.616
687.8	0.01520	2.930
687.9	0.01520	2.844
688.0	0.01519	2.758
688.1	0.01516	2.664
688.2	0.01511	2.564
688.3	0.01504	2.464
688.4	0.01499	2.769
688.5	0.01496	2.684
688.6	0.01493	2.599
688.7	0.01487	2.513
688.8	0.01478	2.413
688.9	0.01467	2.313
689.0	0.01458	2.662
689.1	0.01460	3.002
689.2	0.01462	2.911
689.3	0.01462	2.810
689.4	0.01460	2.711
689.5	0.01456	2.610
689.6	0.01454	2.927
689.7	0.01454	2.841
689.8	0.01453	2.756
689.9	0.01450	2.659
690.0	0.01446	2.559
690.1	0.01439	2.459
690.2	0.01434	2.767
690.3	0.01432	2.682
690.4	0.01428	2.597
690.5	0.01422	2.508
690.6	0.01414	2.408
690.7	0.01404	2.308
690.8	0.01394	3.086
690.9	0.01397	2.999
691.0	0.01399	2.905
691.1	0.01399	2.805
691.2	0.01397	2.705
691.3	0.01393	2.605
691.4	0.01391	2.925
691.5	0.01392	2.839
691.6	0.01390	2.753
691.7	0.01388	2.654
691.8	0.01383	2.554
691.9	0.01376	2.454
692.0	0.01373	2.764
692.1	0.01371	2.679
692.2	0.01367	2.594
692.3	0.01361	2.503
692.4	0.01353	2.403
692.5	0.01342	2.303
692.6	0.01334	3.084
692.7	0.01337	2.997
692.8	0.01338	2.900
692.9	0.01338	2.800
693.0	0.01336	2.700
693.1	0.01333	2.600
693.2	0.01331	2.923
693.3	0.01332	2.837
693.4	0.01330	2.749
693.5	0.01328	2.649
693.6	0.01323	2.549
693.7	0.01316	2.449
693.8	0.01315	2.762
693.9	0.01312	2.676
694.0	0.01308	2.592
694.1	0.01302	2.497
694.2	0.01295	2.398
694.3	0.01285	2.298
694.4	0.01277	3.081
694.5	0.01279	2.995
694.6	0.01281	2.895
694.7	0.01280	2.795
694.8	0.01278	2.695
694.9	0.01275	2.595
695.0	0.01274	2.920
695.1	0.01274	2.834
695.2	0.01273	2.744
695.3	0.01270	2.644
695.4	0.01266	2.544
695.5	0.01260	2.444
695.6	0.01258	2.759
695.7	0.01256	2.674
695.8	0.01252	2.589
695.9	0.01246	2.492
696.0	0.01239	2.392
696.1	0.01229	2.292
696.2	0.01222	3.079
696.3	0.01224	2.990
696.4	0.01225	2.890
696.5	0.01225	2.790
696.6	0.01223	2.690
696.7	0.01220	2.590
696.8	0.01219	2.918
696.9	0.01219	2.831
697.0	0.01218	2.738
697.1	0.01215	2.639
697.2	0.01211	2.538
697.3	0.01205	2.438
697.4	0.01203	2.757
697.5	0.01202	2.672
697.6	0.01198	2.587
697.7	0.01192	2.487
697.8	0.01186	2.387
697.9	0.01176	2.287
698.0	0.01169	3.077
698.1	0.01171	2.985
698.2	0.01172	2.885
698.3	0.01172	2.785
698.4	0.01170	2.685
698.5	0.01166	2.584
698.6	0.01166	2.915
698.7	0.01167	2.829
698.8	0.01165	2.733
698.9	0.01163	2.633
699.0	0.01159	2.533
699.1	0.01152	2.840
699.2	0.01152	2.754
699.3	0.01149	2.669
699.4	0.01146	2.582
699.5	0.01140	2.482
699.6	0.01134	2.382
699.7	0.01125	2.282
699.8	0.01118	3.075
699.9	0.01120	2.980